0.281939 1 3.75 1 10 200 1
0.258541 1 5 1 10 200 1
0.274576 1 5 1 10 200 1
0.278615 1 3.75 1 10 200 1
0.277426 1 5 1 10 200 1
0.267246 1 3.75 1 10 200 1
0.291545 1 3.75 1 10 200 1
0.269065 1 3.75 1 10 200 1
0.268386 1 5 1 10 200 1
0.272901 1 3.75 1 10 200 1
0.264719 2 3.75 1 10 200 1
0.272751 1 3.75 1 10 200 1
0.284178 1 5 1 10 200 1
0.269523 1 5 1 10 200 1
0.274467 1 5 1 10 200 1
0.275546 1 3.75 1 10 200 1
0.26853 2 5 1 10 200 1
0.264983 1 3.75 1 10 200 1
0.281769 2 3.75 1 10 200 1
0.28097 1 3.75 1 10 200 1
