0.062159 0 94.75 2 50 1000 2
0.06245 0 94.75 2 50 1000 2
0.060837 0 94.75 2 50 1000 2
0.062644 0 94.75 2 50 1000 2
0.05922 0 94.75 2 50 1000 2
0.073677 0 94.75 2 50 1000 2
0.064931 0 94.75 2 50 1000 2
0.059726 0 94.75 2 50 1000 2
0.062819 0 94.75 2 50 1000 2
0.061223 0 94.75 2 50 1000 2
0.059955 0 94.75 2 50 1000 2
0.059706 0 94.75 2 50 1000 2
0.057757 0 94.75 2 50 1000 2
0.067866 0 94.75 2 50 1000 2
0.063159 0 94.75 2 50 1000 2
0.067545 0 94.75 2 50 1000 2
0.058285 0 94.75 2 50 1000 2
0.060826 0 94.75 2 50 1000 2
0.058056 0 94.75 2 50 1000 2
0.058256 0 94.75 2 50 1000 2
