5.40886 0 23 0 50 200 2
5.47244 2 24 0 50 200 2
5.42273 0 22 0 50 200 2
5.41879 1 22 0 50 200 2
5.42567 0 24 0 50 200 2
5.40656 1 23 0 50 200 2
5.41387 3 19 0 50 200 2
5.45556 1 22 0 50 200 2
5.69304 2 22 0 50 200 2
5.47742 2 22 0 50 200 2
5.46837 1 23 0 50 200 2
5.45694 2 21 0 50 200 2
5.4177 2 21 0 50 200 2
5.41387 0 23 0 50 200 2
5.42004 1 21 0 50 200 2
5.43902 1 23 0 50 200 2
5.42201 1 21 0 50 200 2
5.53362 2 22 0 50 200 2
5.51039 2 22 0 50 200 2
5.59485 2 22 0 50 200 2
5.504 2 21 0 50 200 2
5.41979 3 23 0 50 200 2
5.63094 0 22 0 50 200 2
5.58962 2 22 0 50 200 2
5.47976 1 22 0 50 200 2
5.5506 1 21 0 50 200 2
5.4955 2 20 0 50 200 2
5.58732 1 24 0 50 200 2
5.44712 1 21 0 50 200 2
5.47128 1 21 0 50 200 2
5.56515 1 23 0 50 200 2
5.56429 0 21 0 50 200 2
5.49904 1 21 0 50 200 2
5.62446 2 23 0 50 200 2
5.59892 3 21 0 50 200 2
5.49306 0 23 0 50 200 2
5.45228 1 22 0 50 200 2
5.55431 2 21 0 50 200 2
5.5362 2 22 0 50 200 2
5.59076 3 23 0 50 200 2
5.57697 2 24 0 50 200 2
5.63002 0 21 0 50 200 2
5.53104 1 22 0 50 200 2
5.60943 2 21 0 50 200 2
5.54682 2 22 0 50 200 2
5.63101 2 23 0 50 200 2
5.64594 0 24 0 50 200 2
5.98307 2 21 0 50 200 2
5.92641 1 24 0 50 200 2
5.67617 1 23 0 50 200 2
