1.45355 1 2.4 2 10 1000 2
1.46959 2 4.4 2 10 1000 2
1.43483 0 4.4 2 10 1000 2
1.4326 1 2.4 2 10 1000 2
1.45007 2 4.4 2 10 1000 2
1.40388 2 8.4 2 10 1000 2
1.41196 2 2.4 2 10 1000 2
1.42051 2 2.4 2 10 1000 2
1.45241 1 10.4 2 10 1000 2
1.48081 2 4.4 2 10 1000 2
1.44563 0 2.4 2 10 1000 2
1.44616 1 6.4 2 10 1000 2
1.43812 1 8.4 2 10 1000 2
1.43058 3 2.4 2 10 1000 2
1.42701 1 2.4 2 10 1000 2
1.40167 0 4.4 2 10 1000 2
1.40178 1 2.4 2 10 1000 2
1.39966 0 2.4 2 10 1000 2
1.39943 2 6.4 2 10 1000 2
1.40057 1 8.4 2 10 1000 2
1.40228 0 8.4 2 10 1000 2
1.40129 1 6.4 2 10 1000 2
1.39923 1 2.4 2 10 1000 2
1.42216 2 4.4 2 10 1000 2
1.43122 1 4.4 2 10 1000 2
1.40014 1 4.4 2 10 1000 2
1.40569 0 6.4 2 10 1000 2
1.39667 1 2.4 2 10 1000 2
1.39691 0 4.4 2 10 1000 2
1.39985 1 2.4 2 10 1000 2
1.40679 1 8.4 2 10 1000 2
1.39973 2 4.4 2 10 1000 2
1.40958 2 6.4 2 10 1000 2
1.42472 2 2.4 2 10 1000 2
1.45697 1 6.4 2 10 1000 2
1.43765 2 2.4 2 10 1000 2
1.44735 1 10.4 2 10 1000 2
1.4594 2 14.4 2 10 1000 2
1.45095 2 6.4 2 10 1000 2
1.41356 2 2.4 2 10 1000 2
1.41952 2 2.4 2 10 1000 2
1.41572 3 2.4 2 10 1000 2
1.44886 2 14.4 2 10 1000 2
1.51033 2 2.4 2 10 1000 2
1.49266 3 8.4 2 10 1000 2
1.40148 2 2.4 2 10 1000 2
1.47442 1 8.4 2 10 1000 2
1.47771 2 2.4 2 10 1000 2
1.43973 1 8.4 2 10 1000 2
1.4519 2 2.4 2 10 1000 2
