7.14702 1 17 0 50 1000 1
7.10191 1 17 0 50 1000 1
7.18946 1 18 0 50 1000 1
7.13715 1 16 0 50 1000 1
7.10898 1 17 0 50 1000 1
7.0768 1 18 0 50 1000 1
7.12164 1 16 0 50 1000 1
7.1773 1 17 0 50 1000 1
6.99187 1 17 0 50 1000 1
7.13922 1 17 0 50 1000 1
7.06689 1 16 0 50 1000 1
7.0301 1 17 0 50 1000 1
7.03473 1 15 0 50 1000 1
6.9454 1 18 0 50 1000 1
7.08082 1 17 0 50 1000 1
6.9365 1 16 0 50 1000 1
6.94745 1 16 0 50 1000 1
6.9859 1 16 0 50 1000 1
7.05082 1 16 0 50 1000 1
7.01205 1 18 0 50 1000 1
6.94588 1 18 0 50 1000 1
7.04292 1 18 0 50 1000 1
7.26678 1 15 0 50 1000 1
7.04851 1 16 0 50 1000 1
7.05472 1 15 0 50 1000 1
7.02707 1 15 0 50 1000 1
7.04608 1 16 0 50 1000 1
7.02741 1 18 0 50 1000 1
7.06197 1 17 0 50 1000 1
7.0442 1 16 0 50 1000 1
7.04332 1 18 0 50 1000 1
7.3312 1 16 0 50 1000 1
7.1462 1 16 0 50 1000 1
7.07343 1 17 0 50 1000 1
7.09112 1 18 0 50 1000 1
6.99974 1 16 0 50 1000 1
7.08335 1 17 0 50 1000 1
7.20428 1 16 0 50 1000 1
7.13145 1 17 0 50 1000 1
6.94869 1 18 0 50 1000 1
6.97741 1 17 0 50 1000 1
7.17014 1 16 0 50 1000 1
7.10897 1 17 0 50 1000 1
7.07392 1 17 0 50 1000 1
7.23607 1 17 0 50 1000 1
7.1067 1 16 0 50 1000 1
7.0627 1 15 0 50 1000 1
7.11465 1 17 0 50 1000 1
7.15572 1 16 0 50 1000 1
7.13547 2 16 0 50 1000 1
