1.20292 1 1.875 2 10 1000 2
1.22346 0 5.875 2 10 1000 2
1.2091 1 3.875 2 10 1000 2
1.22934 0 7.875 2 10 1000 2
1.21739 1 1.875 2 10 1000 2
1.19239 1 1.875 2 10 1000 2
1.1705 0 3.875 2 10 1000 2
1.18404 0 3.875 2 10 1000 2
1.19002 0 1.875 2 10 1000 2
1.176 0 3.875 2 10 1000 2
1.18441 1 1.875 2 10 1000 2
1.20765 1 1.875 2 10 1000 2
1.18546 0 1.875 2 10 1000 2
1.19981 1 1.875 2 10 1000 2
1.20096 1 1.875 2 10 1000 2
1.19402 1 1.875 2 10 1000 2
1.28728 1 3.875 2 10 1000 2
1.20358 1 1.875 2 10 1000 2
1.19894 1 1.875 2 10 1000 2
1.20754 0 1.875 2 10 1000 2
