0.002583 0 94.75 2 10 200 3
0.002501 0 94.75 2 10 200 3
0.002628 0 94.75 2 10 200 3
0.003023 0 94.75 2 10 200 3
0.002532 0 94.75 2 10 200 3
0.002513 0 94.75 2 10 200 3
0.002497 0 94.75 2 10 200 3
0.003067 0 94.75 2 10 200 3
0.002564 0 94.75 2 10 200 3
0.002453 0 94.75 2 10 200 3
0.002633 0 94.75 2 10 200 3
0.002535 0 94.75 2 10 200 3
0.002462 0 94.75 2 10 200 3
0.002464 0 94.75 2 10 200 3
0.00278 0 94.75 2 10 200 3
0.002516 0 94.75 2 10 200 3
0.00249 0 94.75 2 10 200 3
0.002509 0 94.75 2 10 200 3
0.00277 0 94.75 2 10 200 3
0.002591 0 94.75 2 10 200 3
