5.89079 1 3.75 1 50 1000 1
5.93211 1 3.75 1 50 1000 1
5.91843 1 3.75 1 50 1000 1
5.92218 1 3.75 1 50 1000 1
6.04457 1 3.75 1 50 1000 1
5.94573 1 3.75 1 50 1000 1
5.92964 1 3.75 1 50 1000 1
5.92419 1 3.75 1 50 1000 1
6.00649 1 3.75 1 50 1000 1
5.96502 0 3.75 1 50 1000 1
6.00945 1 3.75 1 50 1000 1
6.0466 1 3.75 1 50 1000 1
5.92124 0 3.75 1 50 1000 1
6.07582 1 3.75 1 50 1000 1
5.8785 1 3.75 1 50 1000 1
5.97096 1 3.75 1 50 1000 1
5.96445 1 3.75 1 50 1000 1
5.9577 0 3.75 1 50 1000 1
5.84587 1 3.75 1 50 1000 1
5.84402 1 3.75 1 50 1000 1
