1.62253 1 2.4 2 50 200 1
1.54231 0 4.4 2 50 200 1
1.55094 0 16.4 2 50 200 1
1.53393 0 6.4 2 50 200 1
1.52048 1 4.4 2 50 200 1
1.52471 1 6.4 2 50 200 1
1.52527 1 4.4 2 50 200 1
1.61513 1 4.4 2 50 200 1
1.53512 1 6.4 2 50 200 1
1.52031 1 8.4 2 50 200 1
1.5325 1 4.4 2 50 200 1
1.52598 0 12.4 2 50 200 1
1.52547 1 2.4 2 50 200 1
1.53958 1 4.4 2 50 200 1
1.52601 0 4.4 2 50 200 1
1.52562 0 4.4 2 50 200 1
1.52207 0 2.4 2 50 200 1
1.54941 1 4.4 2 50 200 1
1.51551 1 8.4 2 50 200 1
1.52236 0 28.4 2 50 200 1
1.52395 1 2.4 2 50 200 1
1.52361 1 2.4 2 50 200 1
1.52188 1 2.4 2 50 200 1
1.55446 1 6.4 2 50 200 1
1.53162 1 2.4 2 50 200 1
1.52369 1 2.4 2 50 200 1
1.52623 1 4.4 2 50 200 1
1.5327 0 2.4 2 50 200 1
1.52283 1 4.4 2 50 200 1
1.52297 0 2.4 2 50 200 1
1.52272 0 6.4 2 50 200 1
1.53136 1 2.4 2 50 200 1
1.52959 0 6.4 2 50 200 1
1.52077 1 2.4 2 50 200 1
1.52428 0 12.4 2 50 200 1
1.52819 0 4.4 2 50 200 1
1.51974 1 2.4 2 50 200 1
1.53427 0 4.4 2 50 200 1
1.54067 0 6.4 2 50 200 1
1.57297 0 14.4 2 50 200 1
1.60747 0 2.4 2 50 200 1
1.57703 0 4.4 2 50 200 1
1.62143 0 8.4 2 50 200 1
1.60601 0 6.4 2 50 200 1
1.57917 0 24.4 2 50 200 1
1.59758 0 6.4 2 50 200 1
1.55386 1 4.4 2 50 200 1
1.52245 0 14.4 2 50 200 1
1.53784 0 12.4 2 50 200 1
1.52641 0 6.4 2 50 200 1
