0.342476 2 5.6 1 10 200 1
0.309928 0 6.8 1 10 200 1
0.323217 1 8.8 1 10 200 1
0.312911 2 6 1 10 200 1
0.316685 1 7.6 1 10 200 1
0.31131 1 4.8 1 10 200 1
0.342676 1 5.6 1 10 200 1
0.315582 0 8 1 10 200 1
0.320293 1 8 1 10 200 1
0.310665 2 4.8 1 10 200 1
0.312438 1 5.6 1 10 200 1
0.308364 1 6.8 1 10 200 1
0.311704 1 5.6 1 10 200 1
0.305433 2 6.8 1 10 200 1
0.308657 1 5.6 1 10 200 1
0.312189 2 5.6 1 10 200 1
0.319087 0 6.8 1 10 200 1
0.313955 1 4.8 1 10 200 1
0.316676 0 6 1 10 200 1
0.324449 2 6.8 1 10 200 1
0.318442 0 4.8 1 10 200 1
0.311814 0 6.8 1 10 200 1
0.319723 1 8 1 10 200 1
0.322313 1 8 1 10 200 1
0.316446 2 6.8 1 10 200 1
0.310527 1 8 1 10 200 1
0.313581 1 4.8 1 10 200 1
0.310566 1 8.8 1 10 200 1
0.321191 1 6.8 1 10 200 1
0.316599 1 7.6 1 10 200 1
0.331637 1 8 1 10 200 1
0.325976 1 5.6 1 10 200 1
0.338558 1 8 1 10 200 1
0.340544 1 10 1 10 200 1
0.346125 2 6 1 10 200 1
0.324916 1 10 1 10 200 1
0.312408 1 5.6 1 10 200 1
0.331764 1 7.2 1 10 200 1
0.361654 1 8 1 10 200 1
0.322441 1 7.6 1 10 200 1
0.310073 1 6 1 10 200 1
0.304813 1 8 1 10 200 1
0.309101 1 8 1 10 200 1
0.319824 2 4.8 1 10 200 1
0.308563 2 6 1 10 200 1
0.307423 2 4.8 1 10 200 1
0.308204 1 8 1 10 200 1
0.310963 1 9.2 1 10 200 1
0.3079 1 5.6 1 10 200 1
0.310299 0 6.8 1 10 200 1
