0.012525 0 17 1 10 1000 2
0.011757 0 17 1 10 1000 2
0.01157 0 17 1 10 1000 2
0.011657 0 17 1 10 1000 2
0.01163 0 17 1 10 1000 2
0.012051 0 17 1 10 1000 2
0.011834 0 17 1 10 1000 2
0.011617 0 17 1 10 1000 2
0.011953 0 17 1 10 1000 2
0.011724 0 17 1 10 1000 2
0.011861 0 17 1 10 1000 2
0.011719 0 17 1 10 1000 2
0.011804 0 17 1 10 1000 2
0.011764 0 17 1 10 1000 2
0.012422 0 17 1 10 1000 2
0.011662 0 17 1 10 1000 2
0.012742 0 17 1 10 1000 2
0.012093 0 17 1 10 1000 2
0.012529 0 17 1 10 1000 2
0.012199 0 17 1 10 1000 2
