5.39451 0 4 1 10 1000 3
5.5007 0 12 1 10 1000 3
5.10593 0 0 1 10 1000 3
4.95043 1 2 1 10 1000 3
5.2026 0 0 1 10 1000 3
5.28643 0 4 1 10 1000 3
5.28048 0 2 1 10 1000 3
5.05616 0 2 1 10 1000 3
5.05154 1 4 1 10 1000 3
5.23115 0 4 1 10 1000 3
4.99188 0 0 1 10 1000 3
5.04135 0 4 1 10 1000 3
4.96582 0 2 1 10 1000 3
5.09684 0 4 1 10 1000 3
5.16856 1 10 1 10 1000 3
5.00853 0 2 1 10 1000 3
5.25911 0 2 1 10 1000 3
4.98239 0 2 1 10 1000 3
5.10877 0 2 1 10 1000 3
5.14437 0 2 1 10 1000 3
5.11992 0 0 1 10 1000 3
5.06069 0 4 1 10 1000 3
5.13219 1 4 1 10 1000 3
4.93175 0 2 1 10 1000 3
5.0284 0 2 1 10 1000 3
5.0218 0 14 1 10 1000 3
5.08326 0 4 1 10 1000 3
5.31439 0 2 1 10 1000 3
5.18177 0 8 1 10 1000 3
4.97396 0 2 1 10 1000 3
5.40392 0 2 1 10 1000 3
5.03584 0 2 1 10 1000 3
4.99862 0 2 1 10 1000 3
5.2038 0 6 1 10 1000 3
5.13337 0 0 1 10 1000 3
5.25132 0 4 1 10 1000 3
5.09922 1 6 1 10 1000 3
5.29127 1 2 1 10 1000 3
5.21716 0 8 1 10 1000 3
5.06636 0 0 1 10 1000 3
5.1058 1 2 1 10 1000 3
5.08298 1 2 1 10 1000 3
5.38513 0 4 1 10 1000 3
5.37182 0 2 1 10 1000 3
5.05545 0 4 1 10 1000 3
5.10915 1 2 1 10 1000 3
5.1262 0 0 1 10 1000 3
5.27128 0 4 1 10 1000 3
5.26864 0 4 1 10 1000 3
5.23231 0 6 1 10 1000 3
