0.013589 0 94.75 2 10 1000 3
0.012074 0 94.75 2 10 1000 3
0.011718 0 94.75 2 10 1000 3
0.018216 0 94.75 2 10 1000 3
0.012624 0 94.75 2 10 1000 3
0.012709 0 94.75 2 10 1000 3
0.013554 0 94.75 2 10 1000 3
0.01318 0 104.75 2 10 1000 3
0.015238 0 104.75 2 10 1000 3
0.015101 0 94.75 2 10 1000 3
0.01263 0 94.75 2 10 1000 3
0.01364 0 94.75 2 10 1000 3
0.014084 0 94.75 2 10 1000 3
0.015379 0 94.75 2 10 1000 3
0.014329 0 94.75 2 10 1000 3
0.012788 0 94.75 2 10 1000 3
0.013043 0 94.75 2 10 1000 3
0.012134 0 94.75 2 10 1000 3
0.015043 0 94.75 2 10 1000 3
0.012968 0 94.75 2 10 1000 3
