24.1491 1 0 2 50 1000 1
24.1226 0 4 2 50 1000 1
24.1066 0 2 2 50 1000 1
23.9379 0 4 2 50 1000 1
24.0503 0 4 2 50 1000 1
23.9903 0 4 2 50 1000 1
23.9737 1 4 2 50 1000 1
23.9316 0 10 2 50 1000 1
24.0673 0 2 2 50 1000 1
23.9287 0 2 2 50 1000 1
23.9483 0 4 2 50 1000 1
23.9514 0 6 2 50 1000 1
24.4174 0 4 2 50 1000 1
24.3857 0 4 2 50 1000 1
24.47 0 4 2 50 1000 1
24.0184 0 0 2 50 1000 1
24.0904 0 8 2 50 1000 1
24.1298 0 2 2 50 1000 1
24.2743 0 4 2 50 1000 1
23.9526 0 0 2 50 1000 1
24.0129 0 4 2 50 1000 1
23.9793 0 4 2 50 1000 1
23.8862 0 2 2 50 1000 1
24.023 0 6 2 50 1000 1
24.0442 0 2 2 50 1000 1
24.0316 0 4 2 50 1000 1
23.9239 0 2 2 50 1000 1
23.99 0 6 2 50 1000 1
23.9465 0 2 2 50 1000 1
23.92 0 4 2 50 1000 1
24.0375 0 16 2 50 1000 1
23.9061 0 6 2 50 1000 1
24.0305 0 2 2 50 1000 1
23.9487 0 6 2 50 1000 1
24.0356 0 4 2 50 1000 1
24.1635 0 4 2 50 1000 1
23.9673 0 10 2 50 1000 1
24.089 0 6 2 50 1000 1
23.9593 0 10 2 50 1000 1
23.9342 0 2 2 50 1000 1
24.0537 0 4 2 50 1000 1
24.0824 0 4 2 50 1000 1
24.1261 0 4 2 50 1000 1
23.9738 0 8 2 50 1000 1
24.0052 1 2 2 50 1000 1
24.0296 0 8 2 50 1000 1
23.8766 0 2 2 50 1000 1
23.9434 0 6 2 50 1000 1
23.9508 0 10 2 50 1000 1
23.9962 0 0 2 50 1000 1
