0.012381 0 94.75 2 50 200 3
0.012533 0 94.75 2 50 200 3
0.012593 0 94.75 2 50 200 3
0.012418 0 94.75 2 50 200 3
0.013606 0 94.75 2 50 200 3
0.012452 0 94.75 2 50 200 3
0.012992 0 94.75 2 50 200 3
0.013226 0 94.75 2 50 200 3
0.013025 0 94.75 2 50 200 3
0.012809 0 94.75 2 50 200 3
0.012572 0 94.75 2 50 200 3
0.012775 0 94.75 2 50 200 3
0.012416 0 94.75 2 50 200 3
0.012297 0 94.75 2 50 200 3
0.012496 0 94.75 2 50 200 3
0.012436 0 94.75 2 50 200 3
0.012638 0 94.75 2 50 200 3
0.01279 0 94.75 2 50 200 3
0.013049 0 94.75 2 50 200 3
0.012521 0 94.75 2 50 200 3
