5.73701 1 20 0 50 200 3
5.52091 1 21 0 50 200 3
5.42089 2 21 0 50 200 3
5.43692 3 21 0 50 200 3
5.4451 1 22 0 50 200 3
5.43955 1 22 0 50 200 3
5.42514 2 23 0 50 200 3
5.57227 2 22 0 50 200 3
5.63605 2 22 0 50 200 3
5.51745 2 22 0 50 200 3
5.69897 2 23 0 50 200 3
5.45033 2 22 0 50 200 3
5.41316 2 23 0 50 200 3
5.40413 1 20 0 50 200 3
5.42562 2 19 0 50 200 3
5.42728 1 20 0 50 200 3
5.40654 0 22 0 50 200 3
5.39852 1 23 0 50 200 3
5.42509 1 21 0 50 200 3
5.40868 1 23 0 50 200 3
5.43056 1 20 0 50 200 3
5.42928 2 24 0 50 200 3
5.41359 1 22 0 50 200 3
5.38294 1 22 0 50 200 3
5.42185 2 21 0 50 200 3
5.41145 1 21 0 50 200 3
5.42018 0 20 0 50 200 3
5.39651 1 24 0 50 200 3
5.41334 2 22 0 50 200 3
5.43817 2 20 0 50 200 3
5.41114 2 21 0 50 200 3
5.43535 1 22 0 50 200 3
5.41252 2 22 0 50 200 3
5.4211 1 22 0 50 200 3
5.46368 2 22 0 50 200 3
5.41868 3 21 0 50 200 3
5.43868 1 21 0 50 200 3
5.42556 1 23 0 50 200 3
5.43981 0 22 0 50 200 3
5.40858 1 22 0 50 200 3
5.4131 2 22 0 50 200 3
5.41464 1 23 0 50 200 3
5.57666 1 22 0 50 200 3
5.56199 1 21 0 50 200 3
5.42805 2 20 0 50 200 3
5.57511 2 22 0 50 200 3
5.5358 0 22 0 50 200 3
5.56862 3 22 0 50 200 3
5.57914 1 24 0 50 200 3
5.57367 2 22 0 50 200 3
