5.73248 0 22 2 50 200 3
5.49826 1 30 2 50 200 3
5.46844 0 6 2 50 200 3
5.62501 1 8 2 50 200 3
5.83857 0 16 2 50 200 3
5.77862 0 8 2 50 200 3
5.68956 0 6 2 50 200 3
5.80499 0 10 2 50 200 3
5.69949 1 12 2 50 200 3
5.51014 0 8 2 50 200 3
5.68915 1 16 2 50 200 3
5.79113 1 2 2 50 200 3
5.84768 0 10 2 50 200 3
5.7423 0 8 2 50 200 3
5.72895 1 6 2 50 200 3
5.61799 0 4 2 50 200 3
5.91 0 16 2 50 200 3
5.76261 0 12 2 50 200 3
5.81134 0 6 2 50 200 3
5.64046 0 14 2 50 200 3
5.67757 0 22 2 50 200 3
5.67103 0 4 2 50 200 3
5.73865 0 4 2 50 200 3
5.56893 0 6 2 50 200 3
5.46935 0 8 2 50 200 3
5.49793 1 8 2 50 200 3
5.49091 1 6 2 50 200 3
5.49181 0 38 2 50 200 3
5.5082 1 6 2 50 200 3
5.49963 0 26 2 50 200 3
5.46066 0 12 2 50 200 3
5.47199 0 12 2 50 200 3
5.48909 0 12 2 50 200 3
5.55112 0 6 2 50 200 3
5.47077 0 12 2 50 200 3
5.4779 1 6 2 50 200 3
5.48304 0 4 2 50 200 3
5.48289 1 6 2 50 200 3
5.49425 0 2 2 50 200 3
5.50286 0 6 2 50 200 3
5.48251 1 2 2 50 200 3
5.48976 0 50 2 50 200 3
5.47584 0 18 2 50 200 3
5.49166 0 18 2 50 200 3
5.50528 0 8 2 50 200 3
5.50242 0 10 2 50 200 3
5.47743 1 6 2 50 200 3
5.48815 1 8 2 50 200 3
5.48505 0 12 2 50 200 3
5.45986 0 10 2 50 200 3
