1.56567 1 4.8 1 50 200 3
1.64242 0 14.8 1 50 200 3
1.64163 2 4.8 1 50 200 3
1.70217 2 4.8 1 50 200 3
1.59221 2 5.6 1 50 200 3
1.54903 0 10 1 50 200 3
1.63318 1 6.8 1 50 200 3
1.61814 1 5.6 1 50 200 3
1.5736 1 6.8 1 50 200 3
1.52484 1 4.8 1 50 200 3
1.56338 1 6.8 1 50 200 3
1.6002 1 5.6 1 50 200 3
1.58096 1 4.8 1 50 200 3
1.56814 0 8.8 1 50 200 3
1.59505 1 4.8 1 50 200 3
1.68046 1 5.6 1 50 200 3
1.68009 2 6 1 50 200 3
1.68472 1 10.8 1 50 200 3
1.62284 1 5.6 1 50 200 3
1.60101 1 4.8 1 50 200 3
1.59468 1 6.8 1 50 200 3
1.60551 0 5.6 1 50 200 3
1.5972 1 4.8 1 50 200 3
1.55562 2 4.8 1 50 200 3
1.5811 1 5.6 1 50 200 3
1.58741 1 6.4 1 50 200 3
1.55275 1 6.8 1 50 200 3
1.54746 1 6.8 1 50 200 3
1.52659 0 4.8 1 50 200 3
1.56876 1 6.4 1 50 200 3
1.55166 2 5.6 1 50 200 3
1.61946 2 5.6 1 50 200 3
1.52952 1 6 1 50 200 3
1.56259 1 5.6 1 50 200 3
1.53285 1 5.6 1 50 200 3
1.55876 0 6.8 1 50 200 3
1.59622 0 6.8 1 50 200 3
1.57661 1 5.6 1 50 200 3
1.56113 2 6 1 50 200 3
1.59773 1 7.6 1 50 200 3
1.59224 1 4.8 1 50 200 3
1.59132 2 4.8 1 50 200 3
1.57761 1 4.8 1 50 200 3
1.64483 1 5.6 1 50 200 3
1.63851 1 6.8 1 50 200 3
1.63867 1 6.4 1 50 200 3
1.5879 2 6.8 1 50 200 3
1.63882 1 6.8 1 50 200 3
1.55853 2 4.8 1 50 200 3
1.54688 1 6.4 1 50 200 3
