1.10026 1 10 2 10 200 1
1.09097 1 10 2 10 200 1
1.08665 1 14 2 10 200 1
1.0961 1 8 2 10 200 1
1.0924 1 6 2 10 200 1
1.09421 1 6 2 10 200 1
1.0836 1 4 2 10 200 1
1.08724 1 18 2 10 200 1
1.08831 0 6 2 10 200 1
1.10272 0 20 2 10 200 1
1.09063 1 8 2 10 200 1
1.08925 1 8 2 10 200 1
1.09188 1 10 2 10 200 1
1.09389 2 2 2 10 200 1
1.11446 0 12 2 10 200 1
1.09124 2 6 2 10 200 1
1.09047 1 8 2 10 200 1
1.09315 0 12 2 10 200 1
1.08837 1 8 2 10 200 1
1.09257 1 12 2 10 200 1
1.08896 1 0 2 10 200 1
1.10576 1 12 2 10 200 1
1.09407 1 10 2 10 200 1
1.08991 1 2 2 10 200 1
1.09988 1 8 2 10 200 1
1.09063 1 6 2 10 200 1
1.09345 0 10 2 10 200 1
1.08693 0 6 2 10 200 1
1.09966 1 4 2 10 200 1
1.08652 1 14 2 10 200 1
1.0865 1 6 2 10 200 1
1.08706 1 10 2 10 200 1
1.10242 0 18 2 10 200 1
1.08516 1 6 2 10 200 1
1.09259 1 12 2 10 200 1
1.09263 1 6 2 10 200 1
1.09902 2 4 2 10 200 1
1.08385 1 8 2 10 200 1
1.09367 1 8 2 10 200 1
1.08619 1 18 2 10 200 1
1.11227 0 10 2 10 200 1
1.08472 1 4 2 10 200 1
1.09873 1 12 2 10 200 1
1.08468 1 12 2 10 200 1
1.09449 1 12 2 10 200 1
1.08371 1 2 2 10 200 1
1.08875 1 22 2 10 200 1
1.08591 1 2 2 10 200 1
1.09172 1 10 2 10 200 1
1.09917 0 10 2 10 200 1
