0.057823 0 17 1 50 1000 3
0.056501 0 17 1 50 1000 3
0.057687 0 17 1 50 1000 3
0.056656 0 17 1 50 1000 3
0.059719 0 17 1 50 1000 3
0.065924 0 17 1 50 1000 3
0.060185 0 17 1 50 1000 3
0.064269 0 17 1 50 1000 3
0.070183 0 17 1 50 1000 3
0.056262 0 17 1 50 1000 3
0.057091 0 17 1 50 1000 3
0.057932 0 17 1 50 1000 3
0.059733 0 17 1 50 1000 3
0.060697 0 17 1 50 1000 3
0.060473 0 17 1 50 1000 3
0.061684 0 17 1 50 1000 3
0.058423 0 17 1 50 1000 3
0.05675 0 17 1 50 1000 3
0.057226 0 17 1 50 1000 3
0.056735 0 17 1 50 1000 3
