1.46873 1 4.4 2 10 1000 3
1.43304 1 8.4 2 10 1000 3
1.44162 1 8.4 2 10 1000 3
1.45424 1 8.4 2 10 1000 3
1.45846 2 2.4 2 10 1000 3
1.44654 0 8.4 2 10 1000 3
1.42108 2 4.4 2 10 1000 3
1.45988 3 8.4 2 10 1000 3
1.47974 2 4.4 2 10 1000 3
1.45789 2 2.4 2 10 1000 3
1.52259 3 10.4 2 10 1000 3
1.4191 3 6.4 2 10 1000 3
1.42468 1 2.4 2 10 1000 3
1.41585 1 2.4 2 10 1000 3
1.40955 2 4.4 2 10 1000 3
1.43434 3 4.4 2 10 1000 3
1.44368 3 2.4 2 10 1000 3
1.46161 1 2.4 2 10 1000 3
1.43078 1 4.4 2 10 1000 3
1.39832 2 6.4 2 10 1000 3
1.40763 2 2.4 2 10 1000 3
1.41684 2 6.4 2 10 1000 3
1.40142 2 6.4 2 10 1000 3
1.40321 0 4.4 2 10 1000 3
1.4057 1 2.4 2 10 1000 3
1.40919 1 10.4 2 10 1000 3
1.49531 4 2.4 2 10 1000 3
1.43723 2 2.4 2 10 1000 3
1.43923 0 4.4 2 10 1000 3
1.52232 1 2.4 2 10 1000 3
1.42738 1 12.4 2 10 1000 3
1.46191 2 10.4 2 10 1000 3
1.50931 2 4.4 2 10 1000 3
1.42691 1 4.4 2 10 1000 3
1.44088 0 4.4 2 10 1000 3
1.47752 2 10.4 2 10 1000 3
1.52024 1 4.4 2 10 1000 3
1.43647 0 6.4 2 10 1000 3
1.41907 1 10.4 2 10 1000 3
1.47109 3 10.4 2 10 1000 3
1.51836 2 2.4 2 10 1000 3
1.41572 1 6.4 2 10 1000 3
1.40606 2 4.4 2 10 1000 3
1.42802 3 8.4 2 10 1000 3
1.4137 1 2.4 2 10 1000 3
1.46333 3 4.4 2 10 1000 3
1.42727 3 4.4 2 10 1000 3
1.42574 1 6.4 2 10 1000 3
1.44718 3 4.4 2 10 1000 3
1.42722 2 4.4 2 10 1000 3
