1.39889 1 4.8 1 10 1000 2
1.40133 2 4.8 1 10 1000 2
1.38896 0 4.8 1 10 1000 2
1.39786 1 4.8 1 10 1000 2
1.39952 2 5.6 1 10 1000 2
1.39657 2 5.6 1 10 1000 2
1.41212 1 4.8 1 10 1000 2
1.40592 2 4.8 1 10 1000 2
1.39787 1 7.6 1 10 1000 2
1.40974 2 4.8 1 10 1000 2
1.42322 0 4.8 1 10 1000 2
1.39754 1 5.6 1 10 1000 2
1.39295 2 4.8 1 10 1000 2
1.38914 3 4.8 1 10 1000 2
1.39457 2 5.6 1 10 1000 2
1.39492 3 4.8 1 10 1000 2
1.40634 1 6.8 1 10 1000 2
1.41116 0 8.4 1 10 1000 2
1.39918 2 6 1 10 1000 2
1.39613 1 6.8 1 10 1000 2
1.40585 1 4.8 1 10 1000 2
1.41766 2 5.6 1 10 1000 2
1.39691 0 6.8 1 10 1000 2
1.39648 1 7.6 1 10 1000 2
1.4066 2 6.8 1 10 1000 2
1.4024 0 5.6 1 10 1000 2
1.40141 0 4.8 1 10 1000 2
1.46889 1 6.4 1 10 1000 2
1.51949 1 5.6 1 10 1000 2
1.41903 1 4.8 1 10 1000 2
1.43705 1 6 1 10 1000 2
1.42943 2 6.8 1 10 1000 2
1.51574 2 4.8 1 10 1000 2
1.47241 2 6.8 1 10 1000 2
1.47594 1 8.4 1 10 1000 2
1.44059 2 6 1 10 1000 2
1.41608 2 6.4 1 10 1000 2
1.45623 2 7.6 1 10 1000 2
1.42804 3 4.8 1 10 1000 2
1.43506 2 4.8 1 10 1000 2
1.44134 0 5.6 1 10 1000 2
1.45471 3 5.6 1 10 1000 2
1.438 2 6.4 1 10 1000 2
1.43158 2 6.8 1 10 1000 2
1.44529 1 6.8 1 10 1000 2
1.42611 2 4.8 1 10 1000 2
1.44504 1 6.8 1 10 1000 2
1.43669 2 4.8 1 10 1000 2
1.44106 2 4.8 1 10 1000 2
1.44014 2 5.6 1 10 1000 2
