6.07893 0 3.75 1 50 1000 2
6.11844 0 3.75 1 50 1000 2
6.12594 0 5 1 50 1000 2
6.08854 0 3.75 1 50 1000 2
6.02685 1 3.75 1 50 1000 2
6.01398 0 3.75 1 50 1000 2
5.99896 0 3.75 1 50 1000 2
6.00668 0 5 1 50 1000 2
6.01964 0 3.75 1 50 1000 2
5.95764 0 5 1 50 1000 2
6.00911 1 3.75 1 50 1000 2
5.94701 1 3.75 1 50 1000 2
5.87568 0 3.75 1 50 1000 2
5.91578 0 3.75 1 50 1000 2
6.1007 0 3.75 1 50 1000 2
5.98242 0 6.25 1 50 1000 2
6.03118 0 3.75 1 50 1000 2
6.04788 0 3.75 1 50 1000 2
6.03602 0 3.75 1 50 1000 2
6.04183 0 5 1 50 1000 2
