23.6347 0 2 1 50 1000 2
23.6937 0 2 1 50 1000 2
23.8428 0 0 1 50 1000 2
23.5577 0 2 1 50 1000 2
23.6568 0 2 1 50 1000 2
23.5672 0 0 1 50 1000 2
23.6496 0 2 1 50 1000 2
23.5917 0 0 1 50 1000 2
23.5895 0 2 1 50 1000 2
23.6555 0 2 1 50 1000 2
23.6909 0 2 1 50 1000 2
23.6027 0 2 1 50 1000 2
23.5871 0 2 1 50 1000 2
23.5882 0 2 1 50 1000 2
23.6556 0 4 1 50 1000 2
23.6492 0 2 1 50 1000 2
23.5964 0 0 1 50 1000 2
23.6597 0 2 1 50 1000 2
23.6267 0 6 1 50 1000 2
23.6442 0 2 1 50 1000 2
23.676 0 0 1 50 1000 2
23.6389 0 0 1 50 1000 2
23.5934 0 2 1 50 1000 2
23.5497 0 2 1 50 1000 2
23.6282 0 2 1 50 1000 2
23.5691 0 2 1 50 1000 2
23.6509 0 4 1 50 1000 2
23.6261 0 4 1 50 1000 2
23.5964 0 0 1 50 1000 2
23.6586 0 4 1 50 1000 2
23.6069 0 4 1 50 1000 2
23.5478 0 0 1 50 1000 2
23.6425 0 4 1 50 1000 2
23.6502 0 2 1 50 1000 2
23.594 0 2 1 50 1000 2
23.5665 0 2 1 50 1000 2
23.5811 0 2 1 50 1000 2
23.6304 0 2 1 50 1000 2
23.5859 0 2 1 50 1000 2
23.6693 0 4 1 50 1000 2
23.8481 0 0 1 50 1000 2
23.581 0 2 1 50 1000 2
23.6421 0 4 1 50 1000 2
23.5546 0 0 1 50 1000 2
23.5454 0 2 1 50 1000 2
23.5774 0 2 1 50 1000 2
23.6386 0 0 1 50 1000 2
23.719 0 0 1 50 1000 2
23.6639 0 2 1 50 1000 2
23.6374 0 2 1 50 1000 2
