0.341167 2 2.4 2 10 200 1
0.321232 1 6.4 2 10 200 1
0.319656 1 6.4 2 10 200 1
0.323667 2 4.4 2 10 200 1
0.336178 2 4.4 2 10 200 1
0.327632 1 12.4 2 10 200 1
0.3202 2 4.4 2 10 200 1
0.308486 1 10.4 2 10 200 1
0.305799 1 8.4 2 10 200 1
0.309331 2 4.4 2 10 200 1
0.315034 1 8.4 2 10 200 1
0.314489 1 4.4 2 10 200 1
0.316136 1 2.4 2 10 200 1
0.311463 1 6.4 2 10 200 1
0.310527 2 4.4 2 10 200 1
0.311154 1 6.4 2 10 200 1
0.310702 0 10.4 2 10 200 1
0.306763 1 14.4 2 10 200 1
0.309474 1 8.4 2 10 200 1
0.308285 0 28.4 2 10 200 1
0.307812 1 4.4 2 10 200 1
0.310703 2 4.4 2 10 200 1
0.311352 1 16.4 2 10 200 1
0.311315 1 6.4 2 10 200 1
0.307002 2 2.4 2 10 200 1
0.312414 1 6.4 2 10 200 1
0.306802 1 4.4 2 10 200 1
0.31914 2 4.4 2 10 200 1
0.309425 1 10.4 2 10 200 1
0.310334 1 8.4 2 10 200 1
0.318115 0 6.4 2 10 200 1
0.318342 1 2.4 2 10 200 1
0.35369 1 2.4 2 10 200 1
0.310205 2 8.4 2 10 200 1
0.306702 1 4.4 2 10 200 1
0.309882 2 2.4 2 10 200 1
0.307124 1 2.4 2 10 200 1
0.307906 0 4.4 2 10 200 1
0.307835 1 8.4 2 10 200 1
0.314834 2 2.4 2 10 200 1
0.324802 0 4.4 2 10 200 1
0.307581 1 8.4 2 10 200 1
0.318026 1 8.4 2 10 200 1
0.315156 1 2.4 2 10 200 1
0.330618 1 4.4 2 10 200 1
0.306694 0 6.4 2 10 200 1
0.312249 1 4.4 2 10 200 1
0.321698 1 6.4 2 10 200 1
0.313417 1 8.4 2 10 200 1
0.313893 0 8.4 2 10 200 1
