7.28736 1 6.8 1 50 1000 3
7.15366 0 9.6 1 50 1000 3
7.28814 1 5.6 1 50 1000 3
7.20222 1 6.8 1 50 1000 3
7.11828 1 5.6 1 50 1000 3
7.57679 0 8.4 1 50 1000 3
7.33227 1 5.6 1 50 1000 3
7.58296 1 6.8 1 50 1000 3
7.35378 1 5.6 1 50 1000 3
6.97065 2 4.8 1 50 1000 3
7.14068 1 6 1 50 1000 3
7.2399 1 4.8 1 50 1000 3
7.17855 1 7.6 1 50 1000 3
7.27947 1 4.8 1 50 1000 3
7.16344 0 6.8 1 50 1000 3
7.06609 2 4.8 1 50 1000 3
7.09106 2 4.8 1 50 1000 3
6.99196 1 6.8 1 50 1000 3
7.00633 1 4.8 1 50 1000 3
7.06621 1 4.8 1 50 1000 3
7.0079 1 5.6 1 50 1000 3
7.01789 1 5.6 1 50 1000 3
7.04354 1 7.6 1 50 1000 3
7.12303 1 8.4 1 50 1000 3
6.98646 1 4.8 1 50 1000 3
7.13202 1 5.6 1 50 1000 3
7.25412 1 8.4 1 50 1000 3
7.10757 0 6.8 1 50 1000 3
7.07336 1 4.8 1 50 1000 3
7.12189 1 6 1 50 1000 3
7.12958 1 4.8 1 50 1000 3
7.2921 2 6.8 1 50 1000 3
7.13707 1 4.8 1 50 1000 3
7.27546 1 4.8 1 50 1000 3
7.12679 0 4.8 1 50 1000 3
7.08625 1 7.6 1 50 1000 3
7.13282 0 8.8 1 50 1000 3
6.96285 1 6.8 1 50 1000 3
7.01824 2 5.6 1 50 1000 3
7.10271 1 4.8 1 50 1000 3
7.10513 1 8 1 50 1000 3
7.13185 0 6.8 1 50 1000 3
7.23776 1 5.6 1 50 1000 3
7.12659 0 8.8 1 50 1000 3
7.10868 1 6.8 1 50 1000 3
7.01766 1 8.8 1 50 1000 3
7.05728 1 5.6 1 50 1000 3
7.16486 0 4.8 1 50 1000 3
7.17925 2 5.6 1 50 1000 3
7.09625 1 6.8 1 50 1000 3
