0.012068 0 17 1 10 1000 1
0.012019 0 17 1 10 1000 1
0.012157 0 17 1 10 1000 1
0.012166 0 17 1 10 1000 1
0.013634 0 17 1 10 1000 1
0.01212 0 17 1 10 1000 1
0.011805 0 17 1 10 1000 1
0.011676 0 17 1 10 1000 1
0.012176 0 17 1 10 1000 1
0.012289 0 17 1 10 1000 1
0.012082 0 17 1 10 1000 1
0.012115 0 17 1 10 1000 1
0.012142 0 17 1 10 1000 1
0.012473 0 17 1 10 1000 1
0.012031 0 17 1 10 1000 1
0.011703 0 17 1 10 1000 1
0.01163 0 17 1 10 1000 1
0.011707 0 17 1 10 1000 1
0.011691 0 17 1 10 1000 1
0.011636 0 17 1 10 1000 1
