7.19892 1 2.4 2 50 1000 2
7.50436 0 4.4 2 50 1000 2
7.22994 0 4.4 2 50 1000 2
7.29019 1 2.4 2 50 1000 2
7.12441 0 2.4 2 50 1000 2
7.21099 1 10.4 2 50 1000 2
7.47025 1 2.4 2 50 1000 2
7.41284 0 12.4 2 50 1000 2
7.19889 1 2.4 2 50 1000 2
7.36336 0 4.4 2 50 1000 2
7.18178 0 2.4 2 50 1000 2
7.39194 1 2.4 2 50 1000 2
7.24445 0 6.4 2 50 1000 2
7.17364 0 6.4 2 50 1000 2
7.18279 1 2.4 2 50 1000 2
7.25278 0 2.4 2 50 1000 2
7.07264 0 2.4 2 50 1000 2
7.19999 0 2.4 2 50 1000 2
7.01793 1 2.4 2 50 1000 2
6.99101 0 4.4 2 50 1000 2
7.00813 0 8.4 2 50 1000 2
7.00655 0 2.4 2 50 1000 2
7.05516 0 2.4 2 50 1000 2
7.07333 0 2.4 2 50 1000 2
6.95869 0 6.4 2 50 1000 2
7.0351 0 4.4 2 50 1000 2
6.97143 0 6.4 2 50 1000 2
6.96996 0 4.4 2 50 1000 2
6.96805 0 2.4 2 50 1000 2
6.97929 1 2.4 2 50 1000 2
6.98107 0 4.4 2 50 1000 2
6.99488 0 4.4 2 50 1000 2
6.94739 0 2.4 2 50 1000 2
6.97688 0 4.4 2 50 1000 2
6.90725 0 2.4 2 50 1000 2
6.94345 1 4.4 2 50 1000 2
6.92145 1 2.4 2 50 1000 2
6.9533 0 2.4 2 50 1000 2
7.07625 1 2.4 2 50 1000 2
7.26839 1 6.4 2 50 1000 2
6.93534 1 2.4 2 50 1000 2
7.06361 0 6.4 2 50 1000 2
7.27149 0 4.4 2 50 1000 2
7.18428 1 4.4 2 50 1000 2
7.08457 0 4.4 2 50 1000 2
7.0925 1 2.4 2 50 1000 2
7.11057 0 4.4 2 50 1000 2
6.97349 1 4.4 2 50 1000 2
7.53934 1 4.4 2 50 1000 2
7.88482 1 2.4 2 50 1000 2
