0.060338 0 94.75 2 50 1000 1
0.060173 0 94.75 2 50 1000 1
0.06233 0 94.75 2 50 1000 1
0.059787 0 94.75 2 50 1000 1
0.057863 0 94.75 2 50 1000 1
0.057993 0 94.75 2 50 1000 1
0.057719 0 94.75 2 50 1000 1
0.058247 0 94.75 2 50 1000 1
0.057911 0 94.75 2 50 1000 1
0.058582 0 94.75 2 50 1000 1
0.057965 0 94.75 2 50 1000 1
0.059403 0 94.75 2 50 1000 1
0.062582 0 94.75 2 50 1000 1
0.058763 0 94.75 2 50 1000 1
0.058532 0 94.75 2 50 1000 1
0.059655 0 94.75 2 50 1000 1
0.058071 0 94.75 2 50 1000 1
0.058918 0 94.75 2 50 1000 1
0.059937 0 94.75 2 50 1000 1
0.063365 0 94.75 2 50 1000 1
