7.5458 1 4.4 2 50 1000 3
7.32335 1 4.4 2 50 1000 3
7.28801 1 2.4 2 50 1000 3
7.04842 1 8.4 2 50 1000 3
7.245 1 6.4 2 50 1000 3
7.31017 0 4.4 2 50 1000 3
7.29932 1 6.4 2 50 1000 3
7.26671 1 2.4 2 50 1000 3
7.33403 2 2.4 2 50 1000 3
7.06377 2 2.4 2 50 1000 3
6.96774 1 2.4 2 50 1000 3
6.93824 1 4.4 2 50 1000 3
7.00196 1 2.4 2 50 1000 3
7.09891 1 2.4 2 50 1000 3
7.25168 0 20.4 2 50 1000 3
7.1671 2 2.4 2 50 1000 3
7.01933 2 2.4 2 50 1000 3
7.264 1 2.4 2 50 1000 3
7.28686 1 2.4 2 50 1000 3
6.98012 1 4.4 2 50 1000 3
6.95126 0 4.4 2 50 1000 3
7.6666 1 6.4 2 50 1000 3
7.32263 2 2.4 2 50 1000 3
7.04471 0 4.4 2 50 1000 3
7.07857 1 2.4 2 50 1000 3
7.41006 1 2.4 2 50 1000 3
7.0904 1 4.4 2 50 1000 3
7.40753 0 4.4 2 50 1000 3
7.28461 0 4.4 2 50 1000 3
7.22241 1 2.4 2 50 1000 3
7.30873 1 2.4 2 50 1000 3
7.08054 1 4.4 2 50 1000 3
7.05493 1 4.4 2 50 1000 3
7.10523 1 2.4 2 50 1000 3
7.09104 0 4.4 2 50 1000 3
7.34979 0 16.4 2 50 1000 3
7.23012 1 2.4 2 50 1000 3
7.17464 0 6.4 2 50 1000 3
7.18724 1 6.4 2 50 1000 3
7.21104 1 6.4 2 50 1000 3
7.23174 1 4.4 2 50 1000 3
7.24328 1 6.4 2 50 1000 3
7.15136 1 4.4 2 50 1000 3
7.23347 1 2.4 2 50 1000 3
7.22006 1 2.4 2 50 1000 3
7.17031 1 4.4 2 50 1000 3
7.1727 0 4.4 2 50 1000 3
7.2613 1 4.4 2 50 1000 3
7.2161 1 10.4 2 50 1000 3
7.22332 0 12.4 2 50 1000 3
