7.14258 0 16 0 50 1000 2
7.11842 1 15 0 50 1000 2
7.15621 2 16 0 50 1000 2
7.15602 1 16 0 50 1000 2
7.07984 0 18 0 50 1000 2
7.50572 2 15 0 50 1000 2
7.89223 1 16 0 50 1000 2
7.35076 1 15 0 50 1000 2
7.46707 0 17 0 50 1000 2
7.3159 1 15 0 50 1000 2
7.39563 1 16 0 50 1000 2
7.1811 2 16 0 50 1000 2
7.28874 0 16 0 50 1000 2
7.20278 1 15 0 50 1000 2
7.38705 1 15 0 50 1000 2
7.20558 0 17 0 50 1000 2
6.95304 1 18 0 50 1000 2
6.96911 1 15 0 50 1000 2
6.93907 1 17 0 50 1000 2
7.44319 1 17 0 50 1000 2
7.45569 1 17 0 50 1000 2
7.29155 0 15 0 50 1000 2
7.19369 1 15 0 50 1000 2
7.40604 1 17 0 50 1000 2
7.55787 1 18 0 50 1000 2
7.84044 2 16 0 50 1000 2
7.35431 1 19 0 50 1000 2
7.23863 1 15 0 50 1000 2
7.56894 1 16 0 50 1000 2
7.33533 1 15 0 50 1000 2
7.26235 1 16 0 50 1000 2
7.18026 1 16 0 50 1000 2
7.0964 1 18 0 50 1000 2
7.1357 2 16 0 50 1000 2
7.09474 1 15 0 50 1000 2
7.11511 1 16 0 50 1000 2
7.08113 1 17 0 50 1000 2
7.01655 1 15 0 50 1000 2
7.05722 2 15 0 50 1000 2
7.09664 1 16 0 50 1000 2
7.21678 1 16 0 50 1000 2
7.26177 1 17 0 50 1000 2
7.06284 2 15 0 50 1000 2
7.23295 1 16 0 50 1000 2
6.99757 1 15 0 50 1000 2
7.23 1 20 0 50 1000 2
7.03829 1 16 0 50 1000 2
7.08651 1 16 0 50 1000 2
7.30254 2 16 0 50 1000 2
6.97992 2 15 0 50 1000 2
