0.057565 0 94.75 2 50 1000 3
0.065193 0 94.75 2 50 1000 3
0.061636 0 94.75 2 50 1000 3
0.063675 0 94.75 2 50 1000 3
0.066501 0 94.75 2 50 1000 3
0.061786 0 94.75 2 50 1000 3
0.060134 0 94.75 2 50 1000 3
0.061906 0 94.75 2 50 1000 3
0.058643 0 94.75 2 50 1000 3
0.058929 0 94.75 2 50 1000 3
0.0605 0 94.75 2 50 1000 3
0.062661 0 94.75 2 50 1000 3
0.068494 0 94.75 2 50 1000 3
0.063988 0 94.75 2 50 1000 3
0.069533 0 94.75 2 50 1000 3
0.068152 0 94.75 2 50 1000 3
0.06527 0 94.75 2 50 1000 3
0.068964 0 94.75 2 50 1000 3
0.067986 0 94.75 2 50 1000 3
0.066804 0 94.75 2 50 1000 3
