0.325824 2 17 0 10 200 1
0.316357 2 17 0 10 200 1
0.310619 1 19 0 10 200 1
0.311455 2 17 0 10 200 1
0.319455 1 18 0 10 200 1
0.319199 2 17 0 10 200 1
0.315677 2 16 0 10 200 1
0.314681 1 18 0 10 200 1
0.314388 1 17 0 10 200 1
0.313199 2 17 0 10 200 1
0.317739 1 15 0 10 200 1
0.310437 2 15 0 10 200 1
0.322889 1 18 0 10 200 1
0.303183 1 17 0 10 200 1
0.308063 1 17 0 10 200 1
0.30722 2 17 0 10 200 1
0.303607 1 16 0 10 200 1
0.304697 1 16 0 10 200 1
0.305332 2 17 0 10 200 1
0.302134 1 16 0 10 200 1
0.305639 1 17 0 10 200 1
0.306225 2 16 0 10 200 1
0.302797 1 17 0 10 200 1
0.309334 1 16 0 10 200 1
0.303293 1 18 0 10 200 1
0.305785 1 17 0 10 200 1
0.303058 2 15 0 10 200 1
0.30466 1 15 0 10 200 1
0.30337 1 17 0 10 200 1
0.307026 1 17 0 10 200 1
0.311258 2 17 0 10 200 1
0.310192 1 16 0 10 200 1
0.306951 1 17 0 10 200 1
0.307292 1 17 0 10 200 1
0.312556 2 16 0 10 200 1
0.305993 2 16 0 10 200 1
0.312294 2 17 0 10 200 1
0.309636 1 18 0 10 200 1
0.303747 1 18 0 10 200 1
0.303181 2 16 0 10 200 1
0.306136 2 15 0 10 200 1
0.308825 2 16 0 10 200 1
0.30111 1 18 0 10 200 1
0.303936 2 15 0 10 200 1
0.302994 1 16 0 10 200 1
0.307737 1 15 0 10 200 1
0.312941 1 16 0 10 200 1
0.305422 2 17 0 10 200 1
0.307134 2 15 0 10 200 1
0.308219 1 18 0 10 200 1
