1.42301 1 17 0 10 1000 1
1.42573 2 17 0 10 1000 1
1.38236 2 16 0 10 1000 1
1.38592 2 17 0 10 1000 1
1.3843 2 17 0 10 1000 1
1.45739 1 18 0 10 1000 1
1.42699 1 16 0 10 1000 1
1.45264 1 17 0 10 1000 1
1.46656 2 16 0 10 1000 1
1.42491 1 19 0 10 1000 1
1.42375 1 17 0 10 1000 1
1.39155 1 18 0 10 1000 1
1.39811 1 17 0 10 1000 1
1.43675 2 18 0 10 1000 1
1.43523 1 17 0 10 1000 1
1.4348 1 17 0 10 1000 1
1.42241 1 18 0 10 1000 1
1.39339 1 18 0 10 1000 1
1.42643 2 16 0 10 1000 1
1.43735 1 19 0 10 1000 1
1.41446 1 18 0 10 1000 1
1.39785 1 20 0 10 1000 1
1.4244 1 15 0 10 1000 1
1.44759 1 16 0 10 1000 1
1.42193 2 16 0 10 1000 1
1.47938 2 16 0 10 1000 1
1.42017 2 15 0 10 1000 1
1.42733 1 18 0 10 1000 1
1.42344 1 19 0 10 1000 1
1.41284 1 19 0 10 1000 1
1.4267 2 16 0 10 1000 1
1.43328 1 16 0 10 1000 1
1.47581 2 16 0 10 1000 1
1.50306 2 16 0 10 1000 1
1.44955 2 15 0 10 1000 1
1.43294 2 17 0 10 1000 1
1.4967 2 15 0 10 1000 1
1.45057 1 17 0 10 1000 1
1.43112 1 17 0 10 1000 1
1.45606 1 18 0 10 1000 1
1.4748 2 15 0 10 1000 1
1.43577 1 18 0 10 1000 1
1.41988 1 18 0 10 1000 1
1.46503 1 17 0 10 1000 1
1.39457 1 17 0 10 1000 1
1.38609 2 16 0 10 1000 1
1.39528 1 16 0 10 1000 1
1.40576 2 16 0 10 1000 1
1.42113 2 17 0 10 1000 1
1.44161 2 17 0 10 1000 1
