0.013585 0 94.75 2 50 200 2
0.012205 0 94.75 2 50 200 2
0.012669 0 94.75 2 50 200 2
0.014745 0 94.75 2 50 200 2
0.013043 0 94.75 2 50 200 2
0.013121 0 94.75 2 50 200 2
0.012943 0 94.75 2 50 200 2
0.013298 0 94.75 2 50 200 2
0.012666 0 94.75 2 50 200 2
0.013703 0 94.75 2 50 200 2
0.014092 0 94.75 2 50 200 2
0.012598 0 94.75 2 50 200 2
0.013753 0 94.75 2 50 200 2
0.011992 0 94.75 2 50 200 2
0.012345 0 94.75 2 50 200 2
0.012264 0 94.75 2 50 200 2
0.012413 0 94.75 2 50 200 2
0.013664 0 94.75 2 50 200 2
0.01214 0 94.75 2 50 200 2
0.013051 0 94.75 2 50 200 2
