26.0941 0 2 1 50 1000 1
25.266 0 0 1 50 1000 1
25.632 0 2 1 50 1000 1
26.0277 0 2 1 50 1000 1
26.3757 0 2 1 50 1000 1
24.4145 0 2 1 50 1000 1
23.8818 0 0 1 50 1000 1
23.8205 0 2 1 50 1000 1
23.8829 0 2 1 50 1000 1
23.7764 0 2 1 50 1000 1
23.7793 0 2 1 50 1000 1
23.8703 0 2 1 50 1000 1
23.8544 0 2 1 50 1000 1
23.8513 0 2 1 50 1000 1
23.8416 0 0 1 50 1000 1
23.8655 0 2 1 50 1000 1
23.859 0 2 1 50 1000 1
24.1676 0 2 1 50 1000 1
23.7937 0 2 1 50 1000 1
23.8181 0 0 1 50 1000 1
23.8396 0 2 1 50 1000 1
23.7736 0 0 1 50 1000 1
23.8253 0 0 1 50 1000 1
23.704 0 2 1 50 1000 1
23.8425 0 2 1 50 1000 1
23.8032 0 0 1 50 1000 1
23.8533 0 2 1 50 1000 1
23.8497 0 0 1 50 1000 1
23.7879 0 0 1 50 1000 1
23.819 0 2 1 50 1000 1
23.8402 0 2 1 50 1000 1
23.8544 0 0 1 50 1000 1
23.8172 0 0 1 50 1000 1
23.7782 0 0 1 50 1000 1
23.8186 0 0 1 50 1000 1
23.7032 0 0 1 50 1000 1
23.8132 0 0 1 50 1000 1
23.7392 0 0 1 50 1000 1
23.8122 0 0 1 50 1000 1
24.4276 0 0 1 50 1000 1
23.6648 0 2 1 50 1000 1
23.5806 0 0 1 50 1000 1
23.6499 0 0 1 50 1000 1
23.6474 0 2 1 50 1000 1
23.6245 0 2 1 50 1000 1
23.6566 0 0 1 50 1000 1
23.5942 0 4 1 50 1000 1
23.8074 0 2 1 50 1000 1
23.8861 0 2 1 50 1000 1
23.552 0 2 1 50 1000 1
