1.46916 2 16 0 10 1000 3
1.47424 1 16 0 10 1000 3
1.489 2 17 0 10 1000 3
1.47613 1 15 0 10 1000 3
1.44263 2 16 0 10 1000 3
1.42437 2 16 0 10 1000 3
1.41345 1 19 0 10 1000 3
1.42264 2 16 0 10 1000 3
1.43271 1 16 0 10 1000 3
1.47419 2 15 0 10 1000 3
1.42606 0 18 0 10 1000 3
1.41525 2 16 0 10 1000 3
1.43135 3 16 0 10 1000 3
1.43556 1 17 0 10 1000 3
1.46989 1 20 0 10 1000 3
1.51778 2 18 0 10 1000 3
1.43559 3 16 0 10 1000 3
1.41894 3 16 0 10 1000 3
1.44491 3 16 0 10 1000 3
1.46193 3 15 0 10 1000 3
1.41835 3 15 0 10 1000 3
1.43246 2 16 0 10 1000 3
1.52353 2 17 0 10 1000 3
1.45963 2 16 0 10 1000 3
1.4391 2 17 0 10 1000 3
1.43705 1 16 0 10 1000 3
1.43673 0 16 0 10 1000 3
1.44 2 16 0 10 1000 3
1.40171 3 17 0 10 1000 3
1.40045 1 16 0 10 1000 3
1.43016 1 16 0 10 1000 3
1.44667 1 17 0 10 1000 3
1.43921 1 17 0 10 1000 3
1.4287 2 16 0 10 1000 3
1.49516 1 16 0 10 1000 3
1.46089 2 17 0 10 1000 3
1.44704 3 19 0 10 1000 3
1.4113 3 16 0 10 1000 3
1.4307 2 15 0 10 1000 3
1.4133 3 19 0 10 1000 3
1.42444 3 15 0 10 1000 3
1.3984 0 18 0 10 1000 3
1.39385 2 16 0 10 1000 3
1.42034 4 15 0 10 1000 3
1.4087 1 16 0 10 1000 3
1.38936 0 17 0 10 1000 3
1.39189 2 17 0 10 1000 3
1.3897 3 16 0 10 1000 3
1.37842 2 16 0 10 1000 3
1.3748 2 16 0 10 1000 3
