1.37741 0 3.875 2 50 200 2
1.32118 0 1.875 2 50 200 2
1.29621 0 1.875 2 50 200 2
1.33691 0 1.875 2 50 200 2
1.34171 0 3.875 2 50 200 2
1.33837 0 3.875 2 50 200 2
1.31678 0 3.875 2 50 200 2
1.30905 0 15.875 2 50 200 2
1.31548 0 1.875 2 50 200 2
1.3611 0 27.875 2 50 200 2
1.33044 0 1.875 2 50 200 2
1.32073 1 1.875 2 50 200 2
1.36005 0 1.875 2 50 200 2
1.30712 0 1.875 2 50 200 2
1.32327 0 1.875 2 50 200 2
1.31197 0 3.875 2 50 200 2
1.31097 0 1.875 2 50 200 2
1.31763 0 1.875 2 50 200 2
1.3628 1 1.875 2 50 200 2
1.33711 0 5.875 2 50 200 2
