0.046387 0 20 0 50 1000 1
0.047642 0 20 0 50 1000 1
0.046242 0 20 0 50 1000 1
0.046166 0 20 0 50 1000 1
0.048893 0 20 0 50 1000 1
0.047524 0 20 0 50 1000 1
0.047661 0 20 0 50 1000 1
0.046035 0 20 0 50 1000 1
0.05131 0 20 0 50 1000 1
0.047872 0 20 0 50 1000 1
0.049026 0 20 0 50 1000 1
0.048363 0 20 0 50 1000 1
0.047484 0 20 0 50 1000 1
0.058559 0 20 0 50 1000 1
0.047254 0 20 0 50 1000 1
0.046218 0 20 0 50 1000 1
0.048922 0 20 0 50 1000 1
0.050769 0 20 0 50 1000 1
0.057109 0 20 0 50 1000 1
0.047578 0 20 0 50 1000 1
