4.76175 1 2 1 10 1000 1
4.83598 0 2 1 10 1000 1
5.29045 0 2 1 10 1000 1
5.72279 0 2 1 10 1000 1
5.65896 0 2 1 10 1000 1
5.52134 0 2 1 10 1000 1
5.61563 0 2 1 10 1000 1
5.47091 0 2 1 10 1000 1
5.41157 1 2 1 10 1000 1
5.28021 0 2 1 10 1000 1
5.38356 0 2 1 10 1000 1
5.40216 0 2 1 10 1000 1
5.51655 0 6 1 10 1000 1
5.42766 0 2 1 10 1000 1
5.40993 0 0 1 10 1000 1
5.31417 1 2 1 10 1000 1
5.17247 0 4 1 10 1000 1
5.53152 0 4 1 10 1000 1
5.05189 0 2 1 10 1000 1
5.18055 0 4 1 10 1000 1
5.21078 0 2 1 10 1000 1
4.99082 0 0 1 10 1000 1
5.13829 0 0 1 10 1000 1
5.08939 1 2 1 10 1000 1
5.38998 0 2 1 10 1000 1
5.19853 1 2 1 10 1000 1
5.15987 0 2 1 10 1000 1
5.1235 0 2 1 10 1000 1
5.03668 0 2 1 10 1000 1
5.16942 0 2 1 10 1000 1
4.93094 0 4 1 10 1000 1
4.91222 0 0 1 10 1000 1
4.88608 1 2 1 10 1000 1
4.8944 0 2 1 10 1000 1
5.09049 0 4 1 10 1000 1
5.14815 1 0 1 10 1000 1
5.05999 0 4 1 10 1000 1
4.94474 0 4 1 10 1000 1
4.93545 0 2 1 10 1000 1
5.08074 0 6 1 10 1000 1
5.07441 0 6 1 10 1000 1
4.99189 0 0 1 10 1000 1
5.02223 0 2 1 10 1000 1
4.94869 0 2 1 10 1000 1
5.02179 0 4 1 10 1000 1
5.01118 0 2 1 10 1000 1
5.08417 0 6 1 10 1000 1
5.10062 0 4 1 10 1000 1
5.01803 0 4 1 10 1000 1
5.06068 0 6 1 10 1000 1
