1.20921 2 1.875 2 10 1000 3
1.22934 1 3.875 2 10 1000 3
1.20837 1 3.875 2 10 1000 3
1.2611 1 1.875 2 10 1000 3
1.21261 0 1.875 2 10 1000 3
1.19888 1 11.875 2 10 1000 3
1.21168 2 1.875 2 10 1000 3
1.17987 1 3.875 2 10 1000 3
1.18448 1 1.875 2 10 1000 3
1.19726 1 1.875 2 10 1000 3
1.18649 1 1.875 2 10 1000 3
1.17773 2 3.875 2 10 1000 3
1.21095 1 3.875 2 10 1000 3
1.20606 1 1.875 2 10 1000 3
1.21275 1 3.875 2 10 1000 3
1.18944 2 1.875 2 10 1000 3
1.21746 0 3.875 2 10 1000 3
1.2013 2 1.875 2 10 1000 3
1.17954 1 1.875 2 10 1000 3
1.17906 2 1.875 2 10 1000 3
