23.646 0 2 1 50 1000 3
23.548 0 4 1 50 1000 3
23.6395 0 0 1 50 1000 3
23.6522 0 2 1 50 1000 3
23.6421 0 0 1 50 1000 3
23.6024 0 2 1 50 1000 3
23.6261 0 0 1 50 1000 3
23.6223 0 2 1 50 1000 3
23.5828 0 0 1 50 1000 3
23.5838 0 2 1 50 1000 3
23.6225 0 0 1 50 1000 3
23.788 0 4 1 50 1000 3
23.6018 0 2 1 50 1000 3
23.6282 0 0 1 50 1000 3
23.7061 0 2 1 50 1000 3
23.6335 0 0 1 50 1000 3
23.6093 0 2 1 50 1000 3
23.603 0 2 1 50 1000 3
23.5782 0 2 1 50 1000 3
23.6652 0 2 1 50 1000 3
23.5847 0 0 1 50 1000 3
23.655 0 2 1 50 1000 3
23.6584 0 0 1 50 1000 3
23.6567 0 0 1 50 1000 3
23.6734 0 2 1 50 1000 3
23.6426 0 0 1 50 1000 3
23.6143 0 2 1 50 1000 3
23.6634 0 2 1 50 1000 3
23.539 0 0 1 50 1000 3
23.6122 0 2 1 50 1000 3
23.6032 0 0 1 50 1000 3
23.6638 0 2 1 50 1000 3
23.5372 0 2 1 50 1000 3
23.6215 0 4 1 50 1000 3
23.5894 0 0 1 50 1000 3
23.6614 0 4 1 50 1000 3
23.6324 0 0 1 50 1000 3
23.6539 0 2 1 50 1000 3
23.5495 0 0 1 50 1000 3
23.5969 0 0 1 50 1000 3
23.572 0 2 1 50 1000 3
23.6722 0 2 1 50 1000 3
23.5882 0 4 1 50 1000 3
23.6665 0 2 1 50 1000 3
23.6359 0 2 1 50 1000 3
23.9662 0 2 1 50 1000 3
23.6367 0 0 1 50 1000 3
23.6702 0 2 1 50 1000 3
23.5762 0 0 1 50 1000 3
23.6871 0 0 1 50 1000 3
