1.35167 0 5 1 50 200 2
1.28163 0 3.75 1 50 200 2
1.28293 0 3.75 1 50 200 2
1.30031 0 5 1 50 200 2
1.35623 0 3.75 1 50 200 2
1.32503 0 5 1 50 200 2
1.36977 0 3.75 1 50 200 2
1.39444 0 5 1 50 200 2
1.35754 0 3.75 1 50 200 2
1.32397 0 7.75 1 50 200 2
1.38747 0 3.75 1 50 200 2
1.36857 0 5 1 50 200 2
1.34453 0 5 1 50 200 2
1.36058 0 3.75 1 50 200 2
1.35583 0 3.75 1 50 200 2
1.38512 0 10.25 1 50 200 2
1.34819 0 3.75 1 50 200 2
1.32391 0 3.75 1 50 200 2
1.31386 0 3.75 1 50 200 2
1.32638 0 3.75 1 50 200 2
