5.58434 0 10 2 50 200 2
5.50723 0 20 2 50 200 2
5.44695 1 10 2 50 200 2
5.46208 0 4 2 50 200 2
5.50478 0 12 2 50 200 2
5.49762 1 14 2 50 200 2
5.4638 0 10 2 50 200 2
5.44952 0 6 2 50 200 2
5.45352 0 10 2 50 200 2
5.43968 0 10 2 50 200 2
5.47225 1 14 2 50 200 2
5.44288 1 4 2 50 200 2
5.43727 1 10 2 50 200 2
5.48843 0 20 2 50 200 2
5.49941 0 30 2 50 200 2
5.58487 0 24 2 50 200 2
5.44003 0 6 2 50 200 2
5.46716 1 6 2 50 200 2
5.43951 0 6 2 50 200 2
5.47543 0 16 2 50 200 2
5.43045 1 2 2 50 200 2
5.57877 2 8 2 50 200 2
5.86172 0 6 2 50 200 2
6.07656 0 6 2 50 200 2
6.00958 0 12 2 50 200 2
5.9566 0 16 2 50 200 2
5.90541 0 8 2 50 200 2
5.95237 0 34 2 50 200 2
6.2971 1 6 2 50 200 2
5.70039 1 4 2 50 200 2
5.47096 0 4 2 50 200 2
5.47897 0 4 2 50 200 2
5.48156 0 8 2 50 200 2
5.50494 0 22 2 50 200 2
5.71197 1 8 2 50 200 2
5.46661 0 12 2 50 200 2
5.45704 0 16 2 50 200 2
5.44721 0 6 2 50 200 2
5.45876 0 20 2 50 200 2
5.44679 0 18 2 50 200 2
5.50411 1 4 2 50 200 2
5.47337 0 6 2 50 200 2
5.45322 0 6 2 50 200 2
5.49853 0 6 2 50 200 2
5.45068 1 2 2 50 200 2
5.43192 1 6 2 50 200 2
5.44764 0 32 2 50 200 2
5.48864 0 8 2 50 200 2
5.57494 0 12 2 50 200 2
5.51532 0 16 2 50 200 2
