5.97888 0 1.875 2 50 1000 3
5.94476 0 3.875 2 50 1000 3
5.91412 0 1.875 2 50 1000 3
5.92812 1 1.875 2 50 1000 3
6.12796 0 1.875 2 50 1000 3
5.99417 0 3.875 2 50 1000 3
5.94341 0 3.875 2 50 1000 3
5.96371 0 7.875 2 50 1000 3
5.97577 0 1.875 2 50 1000 3
5.96185 0 1.875 2 50 1000 3
5.95942 0 1.875 2 50 1000 3
5.94292 0 3.875 2 50 1000 3
5.95714 0 3.875 2 50 1000 3
5.98545 1 1.875 2 50 1000 3
5.96334 0 1.875 2 50 1000 3
5.9818 0 1.875 2 50 1000 3
5.96564 0 1.875 2 50 1000 3
5.92378 0 1.875 2 50 1000 3
5.93465 1 1.875 2 50 1000 3
5.96298 0 5.875 2 50 1000 3
