1.50083 1 8.4 2 10 1000 1
1.4496 1 2.4 2 10 1000 1
1.44459 1 4.4 2 10 1000 1
1.4634 1 6.4 2 10 1000 1
1.48272 1 2.4 2 10 1000 1
1.4452 1 8.4 2 10 1000 1
1.4267 1 4.4 2 10 1000 1
1.399 2 2.4 2 10 1000 1
1.44883 2 2.4 2 10 1000 1
1.48632 1 4.4 2 10 1000 1
1.42447 2 4.4 2 10 1000 1
1.42864 0 4.4 2 10 1000 1
1.43586 1 2.4 2 10 1000 1
1.43695 0 6.4 2 10 1000 1
1.45719 1 6.4 2 10 1000 1
1.57132 1 12.4 2 10 1000 1
1.42911 1 2.4 2 10 1000 1
1.42033 0 6.4 2 10 1000 1
1.4207 0 4.4 2 10 1000 1
1.42117 2 2.4 2 10 1000 1
1.41766 0 2.4 2 10 1000 1
1.4034 0 6.4 2 10 1000 1
1.41714 0 4.4 2 10 1000 1
1.39885 1 6.4 2 10 1000 1
1.39921 2 2.4 2 10 1000 1
1.40255 1 8.4 2 10 1000 1
1.40836 2 2.4 2 10 1000 1
1.42861 1 4.4 2 10 1000 1
1.43057 1 4.4 2 10 1000 1
1.43562 1 2.4 2 10 1000 1
1.42796 2 2.4 2 10 1000 1
1.41511 1 4.4 2 10 1000 1
1.4019 0 2.4 2 10 1000 1
1.40868 1 4.4 2 10 1000 1
1.41797 1 4.4 2 10 1000 1
1.40409 1 2.4 2 10 1000 1
1.41064 1 8.4 2 10 1000 1
1.42165 1 2.4 2 10 1000 1
1.43527 1 6.4 2 10 1000 1
1.42688 1 2.4 2 10 1000 1
1.4314 0 4.4 2 10 1000 1
1.43638 1 4.4 2 10 1000 1
1.44736 1 2.4 2 10 1000 1
1.42833 1 2.4 2 10 1000 1
1.51994 0 4.4 2 10 1000 1
1.4193 0 6.4 2 10 1000 1
1.42353 1 4.4 2 10 1000 1
1.44177 0 4.4 2 10 1000 1
1.43819 1 6.4 2 10 1000 1
1.42454 0 4.4 2 10 1000 1
