24.1474 0 21 0 50 1000 3
24.1834 1 22 0 50 1000 3
24.2394 2 23 0 50 1000 3
24.0348 2 24 0 50 1000 3
24.1654 2 24 0 50 1000 3
24.0868 1 23 0 50 1000 3
24.1249 1 21 0 50 1000 3
24.2032 1 22 0 50 1000 3
23.941 0 23 0 50 1000 3
24.0914 1 22 0 50 1000 3
24.2093 1 24 0 50 1000 3
24.1554 1 21 0 50 1000 3
24.5979 2 22 0 50 1000 3
24.2889 2 20 0 50 1000 3
24.3074 1 22 0 50 1000 3
24.122 0 24 0 50 1000 3
24.1564 1 22 0 50 1000 3
24.1194 1 22 0 50 1000 3
24.9463 1 21 0 50 1000 3
25.0973 0 19 0 50 1000 3
24.6981 2 22 0 50 1000 3
24.169 2 22 0 50 1000 3
24.035 1 23 0 50 1000 3
24.6688 2 20 0 50 1000 3
24.1263 1 23 0 50 1000 3
24.24 1 20 0 50 1000 3
24.0158 1 24 0 50 1000 3
24.0321 1 24 0 50 1000 3
24.1153 2 22 0 50 1000 3
24.2119 1 22 0 50 1000 3
24.2281 0 20 0 50 1000 3
24.3199 3 22 0 50 1000 3
24.4624 2 22 0 50 1000 3
24.1333 1 24 0 50 1000 3
24.1688 0 22 0 50 1000 3
24.2295 0 23 0 50 1000 3
24.2757 1 21 0 50 1000 3
24.143 0 23 0 50 1000 3
24.275 1 23 0 50 1000 3
24.3772 2 22 0 50 1000 3
24.5129 2 23 0 50 1000 3
