1.59323 1 16 0 50 200 3
1.53441 1 15 0 50 200 3
1.56528 1 17 0 50 200 3
1.58754 2 16 0 50 200 3
1.54008 1 18 0 50 200 3
1.5316 1 15 0 50 200 3
1.54708 1 17 0 50 200 3
1.53932 2 15 0 50 200 3
1.53635 1 20 0 50 200 3
1.53222 1 16 0 50 200 3
1.55016 1 15 0 50 200 3
1.57559 1 15 0 50 200 3
1.53079 0 17 0 50 200 3
1.54072 2 15 0 50 200 3
1.57772 1 15 0 50 200 3
1.58259 1 16 0 50 200 3
1.53958 2 15 0 50 200 3
1.57708 2 15 0 50 200 3
1.60043 1 17 0 50 200 3
1.59262 1 17 0 50 200 3
1.60746 1 16 0 50 200 3
1.61339 1 15 0 50 200 3
1.51978 0 16 0 50 200 3
1.51391 1 15 0 50 200 3
1.51358 1 15 0 50 200 3
1.53285 1 17 0 50 200 3
1.50881 1 16 0 50 200 3
1.51499 1 16 0 50 200 3
1.5346 1 17 0 50 200 3
1.52742 1 15 0 50 200 3
1.53425 2 16 0 50 200 3
1.51439 1 15 0 50 200 3
1.53017 0 17 0 50 200 3
1.55999 1 16 0 50 200 3
1.60584 1 16 0 50 200 3
1.54122 1 16 0 50 200 3
1.55007 1 15 0 50 200 3
1.56246 2 16 0 50 200 3
1.52169 2 16 0 50 200 3
1.51294 1 16 0 50 200 3
1.58692 1 18 0 50 200 3
1.5556 1 16 0 50 200 3
1.56456 1 16 0 50 200 3
1.55681 0 17 0 50 200 3
1.5535 1 16 0 50 200 3
1.55732 0 15 0 50 200 3
1.59428 1 18 0 50 200 3
1.56438 2 17 0 50 200 3
1.5815 1 16 0 50 200 3
1.56425 1 17 0 50 200 3
