1.11537 0 4 1 10 200 2
1.10212 2 4 1 10 200 2
1.08868 1 4 1 10 200 2
1.0944 0 6 1 10 200 2
1.10201 0 8 1 10 200 2
1.10565 2 8 1 10 200 2
1.10185 0 8 1 10 200 2
1.09557 1 12 1 10 200 2
1.08812 2 6 1 10 200 2
1.10255 3 2 1 10 200 2
1.10631 2 4 1 10 200 2
1.0997 1 8 1 10 200 2
1.10481 2 12 1 10 200 2
1.09914 2 8 1 10 200 2
1.13931 1 8 1 10 200 2
1.13282 0 2 1 10 200 2
1.11916 1 4 1 10 200 2
1.11211 1 4 1 10 200 2
1.10871 1 2 1 10 200 2
1.12779 1 6 1 10 200 2
1.13211 1 8 1 10 200 2
1.13225 1 8 1 10 200 2
1.12617 2 6 1 10 200 2
1.14325 1 2 1 10 200 2
1.12686 1 12 1 10 200 2
1.17011 1 6 1 10 200 2
1.12404 0 8 1 10 200 2
1.14053 0 4 1 10 200 2
1.14717 1 6 1 10 200 2
1.13112 1 4 1 10 200 2
1.13017 0 12 1 10 200 2
1.12828 1 2 1 10 200 2
1.14932 2 6 1 10 200 2
1.11281 1 10 1 10 200 2
1.11491 1 4 1 10 200 2
1.13245 0 6 1 10 200 2
1.11319 1 4 1 10 200 2
1.13649 2 8 1 10 200 2
1.12612 1 20 1 10 200 2
1.15123 0 2 1 10 200 2
1.1601 0 10 1 10 200 2
1.15633 1 4 1 10 200 2
1.11136 1 4 1 10 200 2
1.1372 1 2 1 10 200 2
1.18111 1 6 1 10 200 2
1.17602 2 4 1 10 200 2
1.15781 1 6 1 10 200 2
1.17632 2 18 1 10 200 2
1.12902 0 4 1 10 200 2
1.1422 0 4 1 10 200 2
