4.85379 0 6 2 10 1000 3
4.83888 0 6 2 10 1000 3
4.81729 1 2 2 10 1000 3
4.84053 1 2 2 10 1000 3
4.81036 1 2 2 10 1000 3
4.81383 0 2 2 10 1000 3
4.85512 0 6 2 10 1000 3
4.84088 0 8 2 10 1000 3
4.8354 1 6 2 10 1000 3
4.82512 0 6 2 10 1000 3
4.85304 0 4 2 10 1000 3
4.84133 1 4 2 10 1000 3
4.84713 0 4 2 10 1000 3
4.83674 1 4 2 10 1000 3
4.84947 1 2 2 10 1000 3
4.83183 0 4 2 10 1000 3
4.84067 0 4 2 10 1000 3
4.85226 0 4 2 10 1000 3
4.9201 0 4 2 10 1000 3
4.83398 0 4 2 10 1000 3
4.82771 0 16 2 10 1000 3
5.44671 1 2 2 10 1000 3
4.98106 0 4 2 10 1000 3
4.88935 0 4 2 10 1000 3
4.94266 0 8 2 10 1000 3
4.98768 0 2 2 10 1000 3
4.76593 0 6 2 10 1000 3
4.88589 0 4 2 10 1000 3
4.78078 1 0 2 10 1000 3
4.833 0 6 2 10 1000 3
4.79683 0 8 2 10 1000 3
4.84662 0 14 2 10 1000 3
4.81389 1 6 2 10 1000 3
4.80934 0 6 2 10 1000 3
4.82974 0 8 2 10 1000 3
4.83278 0 8 2 10 1000 3
4.90304 0 14 2 10 1000 3
5.02484 2 6 2 10 1000 3
5.24624 1 4 2 10 1000 3
4.93397 0 10 2 10 1000 3
5.18617 0 6 2 10 1000 3
4.8477 0 4 2 10 1000 3
4.84509 0 4 2 10 1000 3
4.85393 1 4 2 10 1000 3
4.84577 1 2 2 10 1000 3
4.8359 1 4 2 10 1000 3
4.83938 1 0 2 10 1000 3
4.84879 1 2 2 10 1000 3
5.06978 0 8 2 10 1000 3
4.92444 0 4 2 10 1000 3
