24.3774 0 24 0 50 1000 2
24.5726 0 22 0 50 1000 2
24.2946 0 21 0 50 1000 2
24.0372 1 22 0 50 1000 2
24.1842 0 23 0 50 1000 2
24.4231 1 22 0 50 1000 2
24.2485 1 21 0 50 1000 2
24.2813 0 20 0 50 1000 2
24.0931 0 21 0 50 1000 2
24.0227 0 21 0 50 1000 2
24.0638 1 21 0 50 1000 2
24.0963 1 21 0 50 1000 2
24.1195 1 21 0 50 1000 2
24.1039 0 21 0 50 1000 2
24.0834 1 21 0 50 1000 2
24.372 2 24 0 50 1000 2
24.5115 1 21 0 50 1000 2
24.4768 1 21 0 50 1000 2
24.6907 2 24 0 50 1000 2
24.3417 1 21 0 50 1000 2
26.4852 1 22 0 50 1000 2
24.2158 1 22 0 50 1000 2
24.5808 0 23 0 50 1000 2
24.4458 0 23 0 50 1000 2
24.4985 0 23 0 50 1000 2
24.2622 2 22 0 50 1000 2
24.6179 2 21 0 50 1000 2
24.183 0 24 0 50 1000 2
24.454 1 21 0 50 1000 2
24.148 0 20 0 50 1000 2
24.5271 1 23 0 50 1000 2
24.2742 1 23 0 50 1000 2
24.411 2 22 0 50 1000 2
24.3665 1 21 0 50 1000 2
24.3004 2 19 0 50 1000 2
24.2842 1 24 0 50 1000 2
24.1479 0 22 0 50 1000 2
24.3613 1 23 0 50 1000 2
24.2482 1 23 0 50 1000 2
24.2022 1 22 0 50 1000 2
25.5608 1 22 0 50 1000 2
24.2246 2 22 0 50 1000 2
24.499 0 23 0 50 1000 2
24.2821 0 22 0 50 1000 2
24.4805 0 23 0 50 1000 2
24.1765 0 23 0 50 1000 2
24.2674 0 24 0 50 1000 2
24.6303 1 22 0 50 1000 2
24.362 0 23 0 50 1000 2
24.2572 1 21 0 50 1000 2
