24.103 0 4 2 50 1000 3
23.9847 0 6 2 50 1000 3
23.9606 0 6 2 50 1000 3
24.0678 0 4 2 50 1000 3
23.9646 0 8 2 50 1000 3
23.949 0 2 2 50 1000 3
24.0174 0 0 2 50 1000 3
23.9585 0 4 2 50 1000 3
24.0521 0 2 2 50 1000 3
23.9915 0 4 2 50 1000 3
23.9705 0 4 2 50 1000 3
23.9993 0 2 2 50 1000 3
24.2722 0 2 2 50 1000 3
24.5667 0 4 2 50 1000 3
24.079 0 18 2 50 1000 3
24.058 0 2 2 50 1000 3
23.9892 0 4 2 50 1000 3
24.2699 0 4 2 50 1000 3
24.2285 0 2 2 50 1000 3
24.1702 0 4 2 50 1000 3
23.9958 0 2 2 50 1000 3
24.002 0 4 2 50 1000 3
24.2891 0 2 2 50 1000 3
24.0109 0 4 2 50 1000 3
23.9383 0 6 2 50 1000 3
24.0939 0 2 2 50 1000 3
24.2553 0 4 2 50 1000 3
24.0996 0 4 2 50 1000 3
24.0913 0 2 2 50 1000 3
24.1398 0 2 2 50 1000 3
24.0865 0 4 2 50 1000 3
24.1015 0 2 2 50 1000 3
24.0589 0 2 2 50 1000 3
24.0669 0 4 2 50 1000 3
24.076 0 4 2 50 1000 3
24.0228 0 6 2 50 1000 3
23.9964 0 2 2 50 1000 3
24.1838 0 6 2 50 1000 3
24.0741 0 0 2 50 1000 3
23.7646 0 2 2 50 1000 3
24.0113 0 6 2 50 1000 3
24.9729 0 2 2 50 1000 3
23.9829 0 4 2 50 1000 3
24.0704 0 6 2 50 1000 3
24.0157 0 8 2 50 1000 3
24.0091 0 4 2 50 1000 3
24.0841 0 6 2 50 1000 3
24.2545 1 2 2 50 1000 3
23.9697 0 4 2 50 1000 3
24.0538 0 4 2 50 1000 3
