0.32742 2 6.4 2 10 200 2
0.329424 2 8.4 2 10 200 2
0.323741 2 6.4 2 10 200 2
0.319954 1 6.4 2 10 200 2
0.341043 1 4.4 2 10 200 2
0.319607 1 2.4 2 10 200 2
0.314475 3 2.4 2 10 200 2
0.314942 2 2.4 2 10 200 2
0.312984 0 26.4 2 10 200 2
0.350995 2 4.4 2 10 200 2
0.337529 1 4.4 2 10 200 2
0.323248 1 4.4 2 10 200 2
0.31116 1 4.4 2 10 200 2
0.320133 2 8.4 2 10 200 2
0.314826 2 10.4 2 10 200 2
0.308645 1 8.4 2 10 200 2
0.319459 2 4.4 2 10 200 2
0.320176 1 12.4 2 10 200 2
0.318696 2 6.4 2 10 200 2
0.314503 2 10.4 2 10 200 2
0.361151 2 2.4 2 10 200 2
0.307331 2 10.4 2 10 200 2
0.308905 2 2.4 2 10 200 2
0.318502 2 2.4 2 10 200 2
0.312565 1 8.4 2 10 200 2
0.316474 1 16.4 2 10 200 2
0.321298 1 4.4 2 10 200 2
0.311827 1 14.4 2 10 200 2
0.316031 2 4.4 2 10 200 2
0.312098 1 4.4 2 10 200 2
0.324093 1 10.4 2 10 200 2
0.31656 1 6.4 2 10 200 2
0.314985 2 4.4 2 10 200 2
0.323381 2 2.4 2 10 200 2
0.324902 3 2.4 2 10 200 2
0.313308 1 8.4 2 10 200 2
0.318116 3 2.4 2 10 200 2
0.326359 1 2.4 2 10 200 2
0.317188 0 14.4 2 10 200 2
0.324416 2 16.4 2 10 200 2
0.311667 3 2.4 2 10 200 2
0.313472 2 12.4 2 10 200 2
0.311271 0 8.4 2 10 200 2
0.31189 2 8.4 2 10 200 2
0.312307 1 8.4 2 10 200 2
0.311619 3 2.4 2 10 200 2
0.308532 2 4.4 2 10 200 2
0.311961 3 2.4 2 10 200 2
0.338338 1 2.4 2 10 200 2
0.320721 1 12.4 2 10 200 2
