24.6102 0 21 0 50 1000 1
24.5298 0 21 0 50 1000 1
24.1818 0 20 0 50 1000 1
24.2602 0 20 0 50 1000 1
24.9702 0 24 0 50 1000 1
24.8838 0 21 0 50 1000 1
24.7556 1 21 0 50 1000 1
24.5429 0 22 0 50 1000 1
24.7853 0 21 0 50 1000 1
24.4188 0 20 0 50 1000 1
24.5668 0 21 0 50 1000 1
24.214 0 19 0 50 1000 1
24.1015 0 20 0 50 1000 1
24.0752 0 22 0 50 1000 1
23.9887 1 21 0 50 1000 1
24.1895 0 20 0 50 1000 1
24.4106 0 23 0 50 1000 1
24.608 0 23 0 50 1000 1
24.6426 0 21 0 50 1000 1
24.3945 0 21 0 50 1000 1
24.1588 0 20 0 50 1000 1
24.3957 0 21 0 50 1000 1
24.2583 1 20 0 50 1000 1
24.1166 0 21 0 50 1000 1
24.0814 0 22 0 50 1000 1
24.0786 0 24 0 50 1000 1
24.1367 0 20 0 50 1000 1
24.063 0 22 0 50 1000 1
24.0737 0 20 0 50 1000 1
25.7671 0 21 0 50 1000 1
26.7813 0 22 0 50 1000 1
26.7389 0 22 0 50 1000 1
25.8701 0 21 0 50 1000 1
24.6465 0 20 0 50 1000 1
24.46 0 22 0 50 1000 1
24.3198 1 21 0 50 1000 1
24.2028 0 20 0 50 1000 1
24.2061 0 21 0 50 1000 1
24.3128 0 21 0 50 1000 1
24.116 0 20 0 50 1000 1
24.1315 0 20 0 50 1000 1
24.4558 0 22 0 50 1000 1
24.3643 0 22 0 50 1000 1
24.2822 0 20 0 50 1000 1
24.114 1 19 0 50 1000 1
24.1641 0 22 0 50 1000 1
24.0696 1 20 0 50 1000 1
24.306 0 20 0 50 1000 1
24.2905 0 21 0 50 1000 1
24.4799 0 21 0 50 1000 1
