5.77657 0 4 1 50 200 2
5.82394 0 4 1 50 200 2
5.8357 0 2 1 50 200 2
5.87898 0 4 1 50 200 2
5.96796 0 8 1 50 200 2
5.49558 0 16 1 50 200 2
5.70804 0 6 1 50 200 2
5.8413 0 6 1 50 200 2
5.79181 0 6 1 50 200 2
5.5942 0 8 1 50 200 2
5.68721 1 6 1 50 200 2
5.89139 0 2 1 50 200 2
5.57677 1 2 1 50 200 2
5.47052 0 2 1 50 200 2
5.65408 1 4 1 50 200 2
5.88594 0 2 1 50 200 2
5.73194 1 4 1 50 200 2
5.4801 0 4 1 50 200 2
5.82379 0 6 1 50 200 2
5.82847 0 2 1 50 200 2
6.06147 1 6 1 50 200 2
5.49427 1 6 1 50 200 2
5.41742 0 6 1 50 200 2
5.38917 0 4 1 50 200 2
5.39499 0 6 1 50 200 2
5.39955 0 6 1 50 200 2
5.4345 0 8 1 50 200 2
5.52487 0 4 1 50 200 2
5.41326 0 2 1 50 200 2
5.42995 0 16 1 50 200 2
5.53378 0 8 1 50 200 2
5.91281 0 4 1 50 200 2
5.72069 0 8 1 50 200 2
5.72072 0 12 1 50 200 2
5.94694 0 4 1 50 200 2
5.93372 0 4 1 50 200 2
5.44022 0 6 1 50 200 2
5.67312 0 6 1 50 200 2
5.61649 1 4 1 50 200 2
5.55677 0 2 1 50 200 2
5.62936 0 10 1 50 200 2
5.66977 0 4 1 50 200 2
5.47784 0 2 1 50 200 2
5.5391 0 4 1 50 200 2
5.55167 0 6 1 50 200 2
5.54397 0 2 1 50 200 2
5.41577 0 4 1 50 200 2
5.57157 0 4 1 50 200 2
5.49022 0 4 1 50 200 2
5.64263 0 4 1 50 200 2
