1.09793 1 4 2 10 200 2
1.08662 2 10 2 10 200 2
1.09384 1 22 2 10 200 2
1.09288 0 8 2 10 200 2
1.08796 1 10 2 10 200 2
1.09147 3 8 2 10 200 2
1.08305 0 26 2 10 200 2
1.09111 1 6 2 10 200 2
1.1019 1 12 2 10 200 2
1.08943 1 24 2 10 200 2
1.09208 2 6 2 10 200 2
1.09039 1 4 2 10 200 2
1.09273 1 26 2 10 200 2
1.09067 2 6 2 10 200 2
1.08847 2 44 2 10 200 2
1.09074 1 2 2 10 200 2
1.08401 1 6 2 10 200 2
1.09581 1 6 2 10 200 2
1.08058 2 6 2 10 200 2
1.08789 1 12 2 10 200 2
1.09021 1 6 2 10 200 2
1.08924 2 12 2 10 200 2
1.08733 2 8 2 10 200 2
1.09709 1 28 2 10 200 2
1.08757 0 18 2 10 200 2
1.09831 1 10 2 10 200 2
1.08944 0 8 2 10 200 2
1.0906 1 38 2 10 200 2
1.08714 1 10 2 10 200 2
1.09422 2 26 2 10 200 2
1.09227 0 4 2 10 200 2
1.0901 1 16 2 10 200 2
1.08954 1 24 2 10 200 2
1.08945 2 22 2 10 200 2
1.08221 1 10 2 10 200 2
1.09922 0 12 2 10 200 2
1.08341 0 16 2 10 200 2
1.08801 3 4 2 10 200 2
1.08469 1 10 2 10 200 2
1.08615 2 30 2 10 200 2
1.0878 1 4 2 10 200 2
1.09268 3 6 2 10 200 2
1.08738 1 14 2 10 200 2
1.09867 1 24 2 10 200 2
1.08952 1 10 2 10 200 2
1.09017 1 14 2 10 200 2
1.09551 0 32 2 10 200 2
1.0931 1 10 2 10 200 2
1.08507 0 12 2 10 200 2
1.09078 1 16 2 10 200 2
