1.56003 0 2.4 2 50 200 2
1.53257 1 6.4 2 50 200 2
1.54135 1 2.4 2 50 200 2
1.51713 1 6.4 2 50 200 2
1.56802 1 4.4 2 50 200 2
1.55045 1 2.4 2 50 200 2
1.52181 2 4.4 2 50 200 2
1.5263 1 4.4 2 50 200 2
1.52652 0 26.4 2 50 200 2
1.5421 0 10.4 2 50 200 2
1.51809 1 4.4 2 50 200 2
1.54692 0 6.4 2 50 200 2
1.53609 1 4.4 2 50 200 2
1.53515 0 4.4 2 50 200 2
1.53348 1 2.4 2 50 200 2
1.52701 1 8.4 2 50 200 2
1.5309 1 2.4 2 50 200 2
1.52483 1 12.4 2 50 200 2
1.51514 0 6.4 2 50 200 2
1.51665 1 8.4 2 50 200 2
1.53646 2 2.4 2 50 200 2
1.5236 1 2.4 2 50 200 2
1.52107 0 4.4 2 50 200 2
1.52835 1 6.4 2 50 200 2
1.52551 1 6.4 2 50 200 2
1.52924 1 8.4 2 50 200 2
1.51981 1 2.4 2 50 200 2
1.53297 1 6.4 2 50 200 2
1.51362 2 2.4 2 50 200 2
1.5234 1 2.4 2 50 200 2
1.52641 0 4.4 2 50 200 2
1.5296 1 4.4 2 50 200 2
1.52376 1 4.4 2 50 200 2
1.51996 2 2.4 2 50 200 2
1.52026 1 4.4 2 50 200 2
1.51871 1 8.4 2 50 200 2
1.52183 1 4.4 2 50 200 2
1.52796 1 2.4 2 50 200 2
1.52913 0 14.4 2 50 200 2
1.51635 1 4.4 2 50 200 2
1.52682 0 10.4 2 50 200 2
1.5263 2 2.4 2 50 200 2
1.5228 0 8.4 2 50 200 2
1.5255 1 6.4 2 50 200 2
1.52473 1 6.4 2 50 200 2
1.52981 1 2.4 2 50 200 2
1.52869 0 24.4 2 50 200 2
1.52992 1 4.4 2 50 200 2
1.5229 1 2.4 2 50 200 2
1.52146 1 2.4 2 50 200 2
