0.002485 0 94.75 2 10 200 1
0.002468 0 94.75 2 10 200 1
0.002521 0 94.75 2 10 200 1
0.002441 0 94.75 2 10 200 1
0.002454 0 94.75 2 10 200 1
0.002449 0 94.75 2 10 200 1
0.002471 0 94.75 2 10 200 1
0.002487 0 94.75 2 10 200 1
0.002471 0 94.75 2 10 200 1
0.002461 0 94.75 2 10 200 1
0.002532 0 94.75 2 10 200 1
0.00301 0 94.75 2 10 200 1
0.002629 0 94.75 2 10 200 1
0.002487 0 94.75 2 10 200 1
0.002464 0 94.75 2 10 200 1
0.002519 0 94.75 2 10 200 1
0.002432 0 94.75 2 10 200 1
0.002471 0 94.75 2 10 200 1
0.002539 0 94.75 2 10 200 1
0.002496 0 94.75 2 10 200 1
