0.013622 0 94.75 2 10 1000 1
0.012598 0 94.75 2 10 1000 1
0.012612 0 94.75 2 10 1000 1
0.012393 0 94.75 2 10 1000 1
0.013775 0 94.75 2 10 1000 1
0.011972 0 94.75 2 10 1000 1
0.012028 0 94.75 2 10 1000 1
0.012512 0 94.75 2 10 1000 1
0.012181 0 94.75 2 10 1000 1
0.01217 0 94.75 2 10 1000 1
0.011972 0 94.75 2 10 1000 1
0.01199 0 94.75 2 10 1000 1
0.0125 0 94.75 2 10 1000 1
0.011995 0 94.75 2 10 1000 1
0.011764 0 94.75 2 10 1000 1
0.011882 0 94.75 2 10 1000 1
0.011933 0 94.75 2 10 1000 1
0.011624 0 94.75 2 10 1000 1
0.011603 0 94.75 2 10 1000 1
0.011764 0 94.75 2 10 1000 1
