0.27055 1 3.875 2 10 200 2
0.263493 1 1.875 2 10 200 2
0.261384 1 1.875 2 10 200 2
0.260964 1 3.875 2 10 200 2
0.261996 1 1.875 2 10 200 2
0.260484 1 3.875 2 10 200 2
0.265353 0 3.875 2 10 200 2
0.260642 1 3.875 2 10 200 2
0.263532 0 7.875 2 10 200 2
0.262756 0 27.875 2 10 200 2
0.260089 2 1.875 2 10 200 2
0.260566 1 3.875 2 10 200 2
0.262258 1 1.875 2 10 200 2
0.260716 1 1.875 2 10 200 2
0.263468 0 3.875 2 10 200 2
0.262065 2 1.875 2 10 200 2
0.261824 1 1.875 2 10 200 2
0.260216 0 1.875 2 10 200 2
0.265357 1 1.875 2 10 200 2
0.26002 1 3.875 2 10 200 2
