1.09773 1 10 2 10 200 3
1.09328 2 8 2 10 200 3
1.08695 2 6 2 10 200 3
1.10722 1 16 2 10 200 3
1.08271 1 22 2 10 200 3
1.09447 2 8 2 10 200 3
1.0872 0 6 2 10 200 3
1.08579 0 20 2 10 200 3
1.08842 1 12 2 10 200 3
1.09111 0 8 2 10 200 3
1.10012 2 8 2 10 200 3
1.09794 1 34 2 10 200 3
1.08916 0 38 2 10 200 3
1.09526 1 12 2 10 200 3
1.08398 3 6 2 10 200 3
1.09002 0 4 2 10 200 3
1.08744 3 6 2 10 200 3
1.09536 0 12 2 10 200 3
1.08728 0 6 2 10 200 3
1.09294 2 10 2 10 200 3
1.09539 1 4 2 10 200 3
1.09175 2 18 2 10 200 3
1.08742 1 6 2 10 200 3
1.09219 1 10 2 10 200 3
1.08886 0 42 2 10 200 3
1.09141 1 8 2 10 200 3
1.08855 1 6 2 10 200 3
1.08957 1 10 2 10 200 3
1.08576 1 12 2 10 200 3
1.08889 0 26 2 10 200 3
1.08772 0 12 2 10 200 3
1.10464 1 6 2 10 200 3
1.09368 2 16 2 10 200 3
1.09377 2 6 2 10 200 3
1.08599 2 12 2 10 200 3
1.09152 2 4 2 10 200 3
1.08949 0 10 2 10 200 3
1.09347 3 12 2 10 200 3
1.08458 0 2 2 10 200 3
1.0899 1 8 2 10 200 3
1.0982 1 2 2 10 200 3
1.08875 1 4 2 10 200 3
1.08851 2 32 2 10 200 3
1.10434 0 18 2 10 200 3
1.08903 3 10 2 10 200 3
1.09444 1 20 2 10 200 3
1.08602 1 6 2 10 200 3
1.09532 1 8 2 10 200 3
1.08632 2 22 2 10 200 3
1.08903 0 10 2 10 200 3
