1.11342 3 24 0 10 200 2
1.10724 5 21 0 10 200 2
1.0964 3 21 0 10 200 2
1.11202 2 24 0 10 200 2
1.09571 1 24 0 10 200 2
1.10402 3 20 0 10 200 2
1.09811 3 20 0 10 200 2
1.10329 4 21 0 10 200 2
1.10066 4 22 0 10 200 2
1.11097 3 24 0 10 200 2
1.10261 3 21 0 10 200 2
1.10138 2 21 0 10 200 2
1.09665 2 22 0 10 200 2
1.10145 4 24 0 10 200 2
1.10129 3 20 0 10 200 2
1.10427 2 21 0 10 200 2
1.12132 1 21 0 10 200 2
1.10442 3 23 0 10 200 2
1.09651 3 23 0 10 200 2
1.11948 4 24 0 10 200 2
1.09874 2 21 0 10 200 2
1.10406 5 20 0 10 200 2
1.0957 4 20 0 10 200 2
1.10187 3 23 0 10 200 2
1.10244 3 24 0 10 200 2
1.10906 2 22 0 10 200 2
1.09625 3 22 0 10 200 2
1.10785 2 21 0 10 200 2
1.10089 3 22 0 10 200 2
1.10094 1 21 0 10 200 2
1.10178 2 23 0 10 200 2
1.12682 0 21 0 10 200 2
1.10268 3 21 0 10 200 2
1.10322 2 23 0 10 200 2
1.11061 3 22 0 10 200 2
1.15885 0 23 0 10 200 2
1.15937 3 21 0 10 200 2
1.13935 5 22 0 10 200 2
1.17123 3 23 0 10 200 2
1.21433 4 21 0 10 200 2
1.17857 3 22 0 10 200 2
1.17426 5 21 0 10 200 2
1.14864 1 22 0 10 200 2
1.15856 3 23 0 10 200 2
1.12149 3 21 0 10 200 2
1.12437 5 22 0 10 200 2
1.11836 1 24 0 10 200 2
1.14163 5 23 0 10 200 2
1.10997 1 24 0 10 200 2
1.11774 3 23 0 10 200 2
