5.46042 1 4 2 50 200 1
5.44639 0 18 2 50 200 1
5.4341 0 12 2 50 200 1
5.43984 1 6 2 50 200 1
5.48843 0 6 2 50 200 1
5.54331 1 2 2 50 200 1
5.45828 0 36 2 50 200 1
5.49724 0 18 2 50 200 1
5.45493 0 4 2 50 200 1
5.56111 0 20 2 50 200 1
5.45949 1 6 2 50 200 1
5.46202 0 10 2 50 200 1
5.41524 1 6 2 50 200 1
5.44482 1 4 2 50 200 1
5.44036 0 12 2 50 200 1
5.4344 0 10 2 50 200 1
5.44409 1 8 2 50 200 1
5.47879 0 6 2 50 200 1
5.55687 0 6 2 50 200 1
5.58465 1 2 2 50 200 1
5.50404 0 22 2 50 200 1
5.71774 1 4 2 50 200 1
5.72208 1 6 2 50 200 1
5.56628 0 10 2 50 200 1
5.52063 0 14 2 50 200 1
5.49931 0 8 2 50 200 1
5.60263 0 10 2 50 200 1
5.49927 0 6 2 50 200 1
5.48001 0 14 2 50 200 1
5.46149 1 4 2 50 200 1
5.60682 0 14 2 50 200 1
5.48089 1 4 2 50 200 1
5.47473 0 18 2 50 200 1
5.49864 0 18 2 50 200 1
5.47246 0 20 2 50 200 1
5.46782 1 4 2 50 200 1
5.46551 1 4 2 50 200 1
5.46672 1 8 2 50 200 1
5.47106 1 6 2 50 200 1
5.53695 0 10 2 50 200 1
5.5019 0 10 2 50 200 1
5.47383 0 14 2 50 200 1
5.48392 1 4 2 50 200 1
5.46857 0 6 2 50 200 1
5.48585 1 8 2 50 200 1
5.46764 0 4 2 50 200 1
5.48156 0 6 2 50 200 1
5.56021 0 20 2 50 200 1
5.59545 0 26 2 50 200 1
5.48095 0 10 2 50 200 1
