1.3026 1 1.875 2 50 200 1
1.29194 1 1.875 2 50 200 1
1.35017 1 1.875 2 50 200 1
1.3079 1 1.875 2 50 200 1
1.30952 1 1.875 2 50 200 1
1.30567 1 1.875 2 50 200 1
1.32773 1 1.875 2 50 200 1
1.30777 1 1.875 2 50 200 1
1.30767 1 1.875 2 50 200 1
1.30211 1 1.875 2 50 200 1
1.29957 1 3.875 2 50 200 1
1.30924 1 1.875 2 50 200 1
1.30066 1 1.875 2 50 200 1
1.30028 0 3.875 2 50 200 1
1.30798 1 1.875 2 50 200 1
1.31145 1 1.875 2 50 200 1
1.30292 1 1.875 2 50 200 1
1.32262 1 1.875 2 50 200 1
1.37414 1 1.875 2 50 200 1
1.34214 1 1.875 2 50 200 1
