1.44567 3 4.8 1 10 1000 3
1.43188 0 9.6 1 10 1000 3
1.45796 1 5.6 1 10 1000 3
1.41572 1 6.8 1 10 1000 3
1.44061 2 6 1 10 1000 3
1.41178 0 8.4 1 10 1000 3
1.41787 1 5.6 1 10 1000 3
1.41677 2 7.6 1 10 1000 3
1.42135 1 6.8 1 10 1000 3
1.43885 2 5.6 1 10 1000 3
1.43016 4 5.6 1 10 1000 3
1.40318 3 5.6 1 10 1000 3
1.44558 2 6.4 1 10 1000 3
1.40974 2 5.6 1 10 1000 3
1.44063 1 8 1 10 1000 3
1.42315 3 5.6 1 10 1000 3
1.41911 2 6.4 1 10 1000 3
1.43713 1 6.8 1 10 1000 3
1.43245 1 4.8 1 10 1000 3
1.46887 2 4.8 1 10 1000 3
1.51649 2 4.8 1 10 1000 3
1.44095 1 8.8 1 10 1000 3
1.46744 3 4.8 1 10 1000 3
1.43653 2 4.8 1 10 1000 3
1.43442 1 7.6 1 10 1000 3
1.42129 1 7.6 1 10 1000 3
1.44379 3 6.8 1 10 1000 3
1.44467 2 6.8 1 10 1000 3
1.43412 1 4.8 1 10 1000 3
1.45498 1 6 1 10 1000 3
1.44306 2 5.6 1 10 1000 3
1.43406 2 6.8 1 10 1000 3
1.43214 2 7.6 1 10 1000 3
1.44733 1 8.8 1 10 1000 3
1.43186 0 5.6 1 10 1000 3
1.45664 2 6.8 1 10 1000 3
1.45438 2 5.6 1 10 1000 3
1.41945 2 4.8 1 10 1000 3
1.40815 2 5.6 1 10 1000 3
1.39029 3 7.6 1 10 1000 3
1.39091 2 5.6 1 10 1000 3
1.39721 1 7.2 1 10 1000 3
1.39674 2 6.8 1 10 1000 3
1.40513 3 4.8 1 10 1000 3
1.40482 2 6.8 1 10 1000 3
1.39118 3 6.8 1 10 1000 3
1.41718 2 4.8 1 10 1000 3
1.41168 1 5.6 1 10 1000 3
1.3993 3 5.6 1 10 1000 3
1.39937 3 6.8 1 10 1000 3
