5.30579 0 2 1 10 1000 2
5.31959 1 2 1 10 1000 2
5.12523 0 4 1 10 1000 2
5.14573 0 10 1 10 1000 2
5.07496 1 0 1 10 1000 2
5.09123 0 4 1 10 1000 2
4.95625 0 4 1 10 1000 2
4.99364 0 6 1 10 1000 2
5.13978 0 4 1 10 1000 2
4.96002 1 2 1 10 1000 2
5.01867 0 2 1 10 1000 2
5.23444 0 2 1 10 1000 2
5.20701 0 4 1 10 1000 2
5.18476 1 2 1 10 1000 2
5.13142 1 0 1 10 1000 2
5.00604 0 2 1 10 1000 2
5.04378 0 2 1 10 1000 2
5.1443 0 6 1 10 1000 2
5.17898 0 6 1 10 1000 2
5.166 0 4 1 10 1000 2
5.07671 0 2 1 10 1000 2
5.05569 0 0 1 10 1000 2
5.0195 0 2 1 10 1000 2
5.01014 1 6 1 10 1000 2
5.17951 0 2 1 10 1000 2
5.00725 1 2 1 10 1000 2
5.10784 1 4 1 10 1000 2
5.0102 1 6 1 10 1000 2
5.07034 1 0 1 10 1000 2
5.10227 0 4 1 10 1000 2
5.14464 1 4 1 10 1000 2
5.09953 0 0 1 10 1000 2
5.04943 0 8 1 10 1000 2
4.99651 0 2 1 10 1000 2
5.08592 1 6 1 10 1000 2
5.04908 0 4 1 10 1000 2
5.13507 0 8 1 10 1000 2
5.0234 0 6 1 10 1000 2
5.08146 0 8 1 10 1000 2
5.08775 0 6 1 10 1000 2
5.12077 0 4 1 10 1000 2
4.97073 1 4 1 10 1000 2
4.94612 2 2 1 10 1000 2
4.93209 0 0 1 10 1000 2
5.18273 0 4 1 10 1000 2
5.29363 0 4 1 10 1000 2
5.33869 0 4 1 10 1000 2
5.21375 0 4 1 10 1000 2
5.17882 0 4 1 10 1000 2
5.37986 0 2 1 10 1000 2
