1.54951 0 6.8 1 50 200 1
1.53881 0 4.8 1 50 200 1
1.59218 0 6 1 50 200 1
1.67064 0 4.8 1 50 200 1
1.76087 1 4.8 1 50 200 1
1.77027 1 4.8 1 50 200 1
1.57149 1 5.6 1 50 200 1
1.63576 0 8 1 50 200 1
1.51954 1 6.8 1 50 200 1
1.60022 1 4.8 1 50 200 1
1.73314 1 5.6 1 50 200 1
1.6996 0 7.2 1 50 200 1
1.79541 1 4.8 1 50 200 1
1.85665 0 6.8 1 50 200 1
1.77169 0 11.6 1 50 200 1
1.60101 1 8 1 50 200 1
1.56988 0 6.8 1 50 200 1
1.546 1 4.8 1 50 200 1
1.56278 0 6 1 50 200 1
1.53514 1 6.8 1 50 200 1
1.57854 0 4.8 1 50 200 1
1.54932 0 4.8 1 50 200 1
1.55331 0 6.8 1 50 200 1
1.53773 1 4.8 1 50 200 1
1.57155 0 6 1 50 200 1
1.5604 0 8 1 50 200 1
1.6066 1 4.8 1 50 200 1
1.5338 1 4.8 1 50 200 1
1.5339 1 6 1 50 200 1
1.55283 0 6 1 50 200 1
1.58797 0 8.8 1 50 200 1
1.61123 1 5.6 1 50 200 1
1.65588 1 5.6 1 50 200 1
1.60469 1 4.8 1 50 200 1
1.57643 0 4.8 1 50 200 1
1.54353 1 4.8 1 50 200 1
1.55221 1 5.6 1 50 200 1
1.5573 1 5.6 1 50 200 1
1.55011 0 8 1 50 200 1
1.54623 1 4.8 1 50 200 1
1.56361 1 4.8 1 50 200 1
1.64036 0 4.8 1 50 200 1
1.57351 1 8 1 50 200 1
1.57525 1 6.8 1 50 200 1
1.58459 0 12 1 50 200 1
1.53515 0 12 1 50 200 1
1.53364 0 8 1 50 200 1
1.54054 0 4.8 1 50 200 1
1.55491 0 4.8 1 50 200 1
1.54829 0 6.8 1 50 200 1
