0.012318 0 94.75 2 10 1000 2
0.012256 0 94.75 2 10 1000 2
0.012668 0 94.75 2 10 1000 2
0.012571 0 94.75 2 10 1000 2
0.013215 0 94.75 2 10 1000 2
0.01207 0 94.75 2 10 1000 2
0.011971 0 94.75 2 10 1000 2
0.012116 0 94.75 2 10 1000 2
0.012519 0 94.75 2 10 1000 2
0.011769 0 94.75 2 10 1000 2
0.012464 0 94.75 2 10 1000 2
0.01203 0 94.75 2 10 1000 2
0.012525 0 94.75 2 10 1000 2
0.012251 0 94.75 2 10 1000 2
0.012109 0 104.75 2 10 1000 2
0.012115 0 94.75 2 10 1000 2
0.012564 0 94.75 2 10 1000 2
0.012721 0 104.75 2 10 1000 2
0.012446 0 94.75 2 10 1000 2
0.01401 0 94.75 2 10 1000 2
