0.269977 1 1.875 2 10 200 3
0.26422 0 3.875 2 10 200 3
0.262042 1 3.875 2 10 200 3
0.269177 1 3.875 2 10 200 3
0.262325 1 1.875 2 10 200 3
0.263549 1 11.875 2 10 200 3
0.262129 1 5.875 2 10 200 3
0.261424 1 1.875 2 10 200 3
0.268387 1 1.875 2 10 200 3
0.290505 2 5.875 2 10 200 3
0.264766 0 1.875 2 10 200 3
0.26253 2 1.875 2 10 200 3
0.261203 2 3.875 2 10 200 3
0.260148 2 1.875 2 10 200 3
0.269667 1 3.875 2 10 200 3
0.261637 2 1.875 2 10 200 3
0.290331 1 3.875 2 10 200 3
0.263667 1 1.875 2 10 200 3
0.261167 2 3.875 2 10 200 3
0.26167 2 3.875 2 10 200 3
