1.14968 2 21 0 10 200 3
1.15765 5 24 0 10 200 3
1.21574 3 22 0 10 200 3
1.14784 4 22 0 10 200 3
1.09497 1 22 0 10 200 3
1.12845 4 23 0 10 200 3
1.10781 3 24 0 10 200 3
1.08696 3 20 0 10 200 3
1.09879 4 23 0 10 200 3
1.10969 2 23 0 10 200 3
1.10115 3 22 0 10 200 3
1.10258 3 23 0 10 200 3
1.12348 5 21 0 10 200 3
1.11806 3 22 0 10 200 3
1.11555 6 22 0 10 200 3
1.11954 1 22 0 10 200 3
1.09769 0 22 0 10 200 3
1.09875 1 23 0 10 200 3
1.08781 1 22 0 10 200 3
1.10837 1 23 0 10 200 3
1.10095 2 23 0 10 200 3
1.12665 4 22 0 10 200 3
1.1434 3 24 0 10 200 3
1.2134 2 23 0 10 200 3
1.21211 2 22 0 10 200 3
1.11752 2 23 0 10 200 3
1.1959 0 20 0 10 200 3
1.21583 4 23 0 10 200 3
1.11508 3 21 0 10 200 3
1.1855 2 21 0 10 200 3
1.16505 4 21 0 10 200 3
1.1915 3 24 0 10 200 3
1.21403 2 24 0 10 200 3
1.17494 4 22 0 10 200 3
1.11691 3 22 0 10 200 3
1.1126 3 21 0 10 200 3
1.09471 4 22 0 10 200 3
1.12148 2 22 0 10 200 3
1.21935 2 22 0 10 200 3
1.1442 3 21 0 10 200 3
1.17222 3 23 0 10 200 3
1.16167 1 23 0 10 200 3
1.19222 5 23 0 10 200 3
1.13628 4 24 0 10 200 3
1.17611 2 20 0 10 200 3
1.18538 3 21 0 10 200 3
1.11523 1 23 0 10 200 3
1.14133 3 22 0 10 200 3
1.15823 5 21 0 10 200 3
1.11978 3 23 0 10 200 3
