5.99031 0 3.75 1 50 1000 3
5.99853 0 3.75 1 50 1000 3
6.01915 0 3.75 1 50 1000 3
6.00703 1 3.75 1 50 1000 3
6.07102 1 3.75 1 50 1000 3
5.99753 1 3.75 1 50 1000 3
5.98178 0 3.75 1 50 1000 3
5.88753 1 3.75 1 50 1000 3
5.89089 0 6.25 1 50 1000 3
5.8902 1 3.75 1 50 1000 3
5.86505 1 3.75 1 50 1000 3
5.893 0 3.75 1 50 1000 3
5.86623 0 6.25 1 50 1000 3
6.15627 0 5 1 50 1000 3
6.30756 0 3.75 1 50 1000 3
6.1194 0 3.75 1 50 1000 3
6.1808 0 3.75 1 50 1000 3
6.05877 0 3.75 1 50 1000 3
6.08755 0 5 1 50 1000 3
6.15335 0 3.75 1 50 1000 3
