1.52489 1 16 0 50 200 1
1.54586 1 17 0 50 200 1
1.55576 1 16 0 50 200 1
1.56992 1 16 0 50 200 1
1.55302 1 16 0 50 200 1
1.59156 1 17 0 50 200 1
1.55624 1 17 0 50 200 1
1.55914 1 16 0 50 200 1
1.58255 1 17 0 50 200 1
1.55242 1 17 0 50 200 1
1.54679 1 15 0 50 200 1
1.55417 1 18 0 50 200 1
1.55719 1 15 0 50 200 1
1.61403 1 17 0 50 200 1
1.56224 1 16 0 50 200 1
1.56495 1 15 0 50 200 1
1.55142 1 16 0 50 200 1
1.55581 1 16 0 50 200 1
1.61476 1 18 0 50 200 1
1.55597 1 16 0 50 200 1
1.54472 1 17 0 50 200 1
1.5257 1 20 0 50 200 1
1.5268 1 17 0 50 200 1
1.54436 1 16 0 50 200 1
1.54164 1 17 0 50 200 1
1.53072 1 17 0 50 200 1
1.58168 1 17 0 50 200 1
1.5955 1 15 0 50 200 1
1.60137 1 15 0 50 200 1
1.58418 1 17 0 50 200 1
1.54162 1 17 0 50 200 1
1.58497 1 16 0 50 200 1
1.56014 1 16 0 50 200 1
1.54006 1 17 0 50 200 1
1.52416 1 17 0 50 200 1
1.5589 1 17 0 50 200 1
1.52059 1 17 0 50 200 1
1.5555 1 18 0 50 200 1
1.54517 1 18 0 50 200 1
1.57073 1 15 0 50 200 1
1.5737 1 16 0 50 200 1
1.55469 1 17 0 50 200 1
1.56225 1 15 0 50 200 1
1.53202 1 16 0 50 200 1
1.55084 1 16 0 50 200 1
1.54659 1 15 0 50 200 1
1.57121 1 16 0 50 200 1
1.5395 1 16 0 50 200 1
1.63891 1 17 0 50 200 1
1.54185 1 17 0 50 200 1
