0.060624 0 17 1 50 1000 1
0.058628 0 17 1 50 1000 1
0.058589 0 17 1 50 1000 1
0.058067 0 17 1 50 1000 1
0.061012 0 17 1 50 1000 1
0.060096 0 17 1 50 1000 1
0.060886 0 17 1 50 1000 1
0.061001 0 17 1 50 1000 1
0.058702 0 17 1 50 1000 1
0.05976 0 17 1 50 1000 1
0.057968 0 17 1 50 1000 1
0.056583 0 17 1 50 1000 1
0.06277 0 17 1 50 1000 1
0.056319 0 17 1 50 1000 1
0.057074 0 17 1 50 1000 1
0.057022 0 17 1 50 1000 1
0.056675 0 17 1 50 1000 1
0.057671 0 17 1 50 1000 1
0.059364 0 17 1 50 1000 1
0.057214 0 17 1 50 1000 1
