1.20373 1 3.75 1 10 1000 1
1.20757 1 3.75 1 10 1000 1
1.191 1 3.75 1 10 1000 1
1.18651 1 3.75 1 10 1000 1
1.17929 1 3.75 1 10 1000 1
1.18102 1 5 1 10 1000 1
1.2369 1 5 1 10 1000 1
1.19093 1 3.75 1 10 1000 1
1.19042 1 3.75 1 10 1000 1
1.18964 1 3.75 1 10 1000 1
1.22618 2 3.75 1 10 1000 1
1.23402 1 5 1 10 1000 1
1.23393 1 5 1 10 1000 1
1.27985 1 3.75 1 10 1000 1
1.23433 1 3.75 1 10 1000 1
1.20746 1 3.75 1 10 1000 1
1.21127 2 3.75 1 10 1000 1
1.19018 1 5 1 10 1000 1
1.17942 2 3.75 1 10 1000 1
1.19566 1 5 1 10 1000 1
