0.011906 0 17 1 10 1000 3
0.012142 0 17 1 10 1000 3
0.012383 0 17 1 10 1000 3
0.013004 1 14.5 1 10 1000 3
0.015054 0 17 1 10 1000 3
0.013893 0 17 1 10 1000 3
0.013298 0 17 1 10 1000 3
0.012914 0 17 1 10 1000 3
0.011812 0 17 1 10 1000 3
0.01482 0 17 1 10 1000 3
0.013948 0 17 1 10 1000 3
0.012296 0 17 1 10 1000 3
0.012748 0 17 1 10 1000 3
0.014511 0 17 1 10 1000 3
0.012116 0 17 1 10 1000 3
0.014423 0 17 1 10 1000 3
0.012219 0 17 1 10 1000 3
0.01371 0 17 1 10 1000 3
0.012445 0 17 1 10 1000 3
0.014057 0 17 1 10 1000 3
