0.048956 0 20 0 50 1000 2
0.047326 0 20 0 50 1000 2
0.052789 0 20 0 50 1000 2
0.051846 0 20 0 50 1000 2
0.046881 0 20 0 50 1000 2
0.046994 0 20 0 50 1000 2
0.047118 0 20 0 50 1000 2
0.047927 0 20 0 50 1000 2
0.048451 0 20 0 50 1000 2
0.045996 0 20 0 50 1000 2
0.046666 0 20 0 50 1000 2
0.046457 0 20 0 50 1000 2
0.046325 0 20 0 50 1000 2
0.049749 0 20 0 50 1000 2
0.051933 0 20 0 50 1000 2
0.057502 0 20 0 50 1000 2
0.046597 0 20 0 50 1000 2
0.046332 0 20 0 50 1000 2
0.046312 0 20 0 50 1000 2
0.061063 0 20 0 50 1000 2
