6.90169 0 4 1 50 200 1
6.52436 0 8 1 50 200 1
6.63482 0 8 1 50 200 1
6.03327 0 4 1 50 200 1
5.99834 0 4 1 50 200 1
6.06923 0 6 1 50 200 1
6.33488 0 4 1 50 200 1
6.23389 0 2 1 50 200 1
6.49711 0 4 1 50 200 1
5.99841 0 8 1 50 200 1
5.76388 0 8 1 50 200 1
5.8293 0 0 1 50 200 1
6.0024 0 6 1 50 200 1
5.83527 1 2 1 50 200 1
5.72456 0 8 1 50 200 1
5.75411 0 6 1 50 200 1
6.26341 0 8 1 50 200 1
5.82853 1 2 1 50 200 1
6.10893 0 6 1 50 200 1
5.67979 0 4 1 50 200 1
5.6487 1 2 1 50 200 1
5.7849 0 4 1 50 200 1
6.43702 0 6 1 50 200 1
6.16378 0 4 1 50 200 1
6.17475 1 0 1 50 200 1
5.77141 0 4 1 50 200 1
5.83716 0 4 1 50 200 1
5.81803 0 4 1 50 200 1
5.75702 0 4 1 50 200 1
5.73661 0 4 1 50 200 1
5.68344 0 4 1 50 200 1
5.57851 0 4 1 50 200 1
5.7157 0 4 1 50 200 1
5.56099 0 10 1 50 200 1
5.68117 0 8 1 50 200 1
5.58391 0 6 1 50 200 1
5.95253 0 2 1 50 200 1
6.16602 0 2 1 50 200 1
5.94783 0 6 1 50 200 1
5.66604 0 4 1 50 200 1
5.55488 0 2 1 50 200 1
5.72517 0 0 1 50 200 1
5.69676 0 6 1 50 200 1
5.87162 0 4 1 50 200 1
5.65732 0 2 1 50 200 1
5.72293 0 4 1 50 200 1
5.79153 0 2 1 50 200 1
5.75632 1 4 1 50 200 1
5.85163 0 2 1 50 200 1
5.66657 1 0 1 50 200 1
