0.01009 0 20 0 10 1000 2
0.011077 0 20 0 10 1000 2
0.010265 0 20 0 10 1000 2
0.010054 0 20 0 10 1000 2
0.010331 0 20 0 10 1000 2
0.01085 0 20 0 10 1000 2
0.010093 0 20 0 10 1000 2
0.010122 0 20 0 10 1000 2
0.009972 0 20 0 10 1000 2
0.011977 0 20 0 10 1000 2
0.013779 0 20 0 10 1000 2
0.009559 0 20 0 10 1000 2
0.010134 0 20 0 10 1000 2
0.010885 0 20 0 10 1000 2
0.009903 0 20 0 10 1000 2
0.010137 0 20 0 10 1000 2
0.01205 0 20 0 10 1000 2
0.011327 0 20 0 10 1000 2
0.010181 0 20 0 10 1000 2
0.009944 0 20 0 10 1000 2
