7.17668 0 10 1 50 1000 1
7.06696 0 5.6 1 50 1000 1
7.06673 0 8 1 50 1000 1
7.3056 1 4.8 1 50 1000 1
6.99947 0 4.8 1 50 1000 1
7.43609 0 4.8 1 50 1000 1
7.27511 0 6 1 50 1000 1
7.31089 1 4.8 1 50 1000 1
7.4267 1 4.8 1 50 1000 1
7.59832 1 6.8 1 50 1000 1
7.35037 1 4.8 1 50 1000 1
7.46771 1 6 1 50 1000 1
7.25301 0 4.8 1 50 1000 1
7.26455 0 4.8 1 50 1000 1
7.27136 0 4.8 1 50 1000 1
7.12793 0 4.8 1 50 1000 1
7.25022 0 4.8 1 50 1000 1
7.01092 1 4.8 1 50 1000 1
6.95089 1 4.8 1 50 1000 1
7.06875 0 5.6 1 50 1000 1
7.12244 0 6.8 1 50 1000 1
7.12747 0 4.8 1 50 1000 1
7.38152 0 6 1 50 1000 1
7.53145 0 4.8 1 50 1000 1
7.86662 0 4.8 1 50 1000 1
7.76749 0 6.8 1 50 1000 1
7.70769 0 6 1 50 1000 1
7.5839 0 4.8 1 50 1000 1
7.17277 0 5.6 1 50 1000 1
7.26407 1 4.8 1 50 1000 1
7.20569 0 6.8 1 50 1000 1
7.30602 1 4.8 1 50 1000 1
7.24795 0 4.8 1 50 1000 1
7.19529 0 6 1 50 1000 1
7.24914 0 6.8 1 50 1000 1
7.18409 0 5.6 1 50 1000 1
7.15963 1 4.8 1 50 1000 1
7.20531 0 6.8 1 50 1000 1
7.21801 0 6 1 50 1000 1
7.24519 1 4.8 1 50 1000 1
7.00777 0 4.8 1 50 1000 1
7.04943 0 4.8 1 50 1000 1
7.02096 1 5.6 1 50 1000 1
7.02132 0 4.8 1 50 1000 1
7.26989 0 8.8 1 50 1000 1
7.17066 0 5.6 1 50 1000 1
7.20722 0 4.8 1 50 1000 1
7.27194 0 4.8 1 50 1000 1
7.1993 1 5.6 1 50 1000 1
7.18658 1 4.8 1 50 1000 1
