5.92504 0 3.875 2 50 1000 2
5.92929 0 1.875 2 50 1000 2
5.91593 0 1.875 2 50 1000 2
5.95472 0 1.875 2 50 1000 2
5.91436 0 1.875 2 50 1000 2
5.90952 0 3.875 2 50 1000 2
5.9376 0 3.875 2 50 1000 2
6.20881 0 3.875 2 50 1000 2
5.95719 0 1.875 2 50 1000 2
5.96403 0 3.875 2 50 1000 2
6.00101 0 1.875 2 50 1000 2
5.94349 1 1.875 2 50 1000 2
5.92419 0 1.875 2 50 1000 2
5.90637 0 1.875 2 50 1000 2
5.97661 0 3.875 2 50 1000 2
6.0396 0 3.875 2 50 1000 2
5.9613 0 1.875 2 50 1000 2
5.92375 0 1.875 2 50 1000 2
5.95787 0 3.875 2 50 1000 2
5.99873 0 1.875 2 50 1000 2
