1.3425 1 1.875 2 50 200 3
1.36503 0 3.875 2 50 200 3
1.32754 1 3.875 2 50 200 3
1.35174 0 5.875 2 50 200 3
1.32541 0 3.875 2 50 200 3
1.30321 1 1.875 2 50 200 3
1.29882 1 3.875 2 50 200 3
1.31618 0 3.875 2 50 200 3
1.29478 1 1.875 2 50 200 3
1.30563 0 3.875 2 50 200 3
1.30533 0 1.875 2 50 200 3
1.31476 1 1.875 2 50 200 3
1.33718 1 1.875 2 50 200 3
1.32089 0 5.875 2 50 200 3
1.3036 0 1.875 2 50 200 3
1.3229 0 1.875 2 50 200 3
1.31648 1 1.875 2 50 200 3
1.30116 1 1.875 2 50 200 3
1.30747 0 17.875 2 50 200 3
1.31113 1 1.875 2 50 200 3
