1.10261 2 23 0 10 200 1
1.09901 2 20 0 10 200 1
1.09653 1 21 0 10 200 1
1.11409 0 22 0 10 200 1
1.12302 2 20 0 10 200 1
1.1223 1 20 0 10 200 1
1.12895 1 22 0 10 200 1
1.09091 1 21 0 10 200 1
1.13317 2 21 0 10 200 1
1.10085 1 21 0 10 200 1
1.11915 1 24 0 10 200 1
1.10633 2 22 0 10 200 1
1.1074 1 22 0 10 200 1
1.12628 2 21 0 10 200 1
1.14536 1 21 0 10 200 1
1.14521 2 22 0 10 200 1
1.11725 1 23 0 10 200 1
1.13928 1 22 0 10 200 1
1.14451 1 21 0 10 200 1
1.12883 2 23 0 10 200 1
1.10592 2 23 0 10 200 1
1.11651 1 23 0 10 200 1
1.1068 2 22 0 10 200 1
1.10402 1 22 0 10 200 1
1.09956 1 22 0 10 200 1
1.09395 1 21 0 10 200 1
1.10725 1 21 0 10 200 1
1.09286 1 22 0 10 200 1
1.13166 1 21 0 10 200 1
1.11613 1 21 0 10 200 1
1.10651 1 20 0 10 200 1
1.1027 2 22 0 10 200 1
1.10374 2 21 0 10 200 1
1.09653 2 22 0 10 200 1
1.09846 1 24 0 10 200 1
1.09823 2 24 0 10 200 1
1.11109 1 21 0 10 200 1
1.1381 3 21 0 10 200 1
1.10728 1 21 0 10 200 1
1.11352 3 22 0 10 200 1
1.09855 0 21 0 10 200 1
1.10668 2 22 0 10 200 1
1.09804 2 20 0 10 200 1
1.10054 0 20 0 10 200 1
1.10138 2 22 0 10 200 1
1.09149 2 22 0 10 200 1
1.10461 1 21 0 10 200 1
1.09464 1 21 0 10 200 1
1.10361 1 23 0 10 200 1
1.09625 2 23 0 10 200 1
