1.57306 0 17 0 50 200 2
1.63309 1 19 0 50 200 2
1.59613 1 15 0 50 200 2
1.54262 2 15 0 50 200 2
1.54683 0 16 0 50 200 2
1.54763 2 15 0 50 200 2
1.54896 2 15 0 50 200 2
1.54194 2 17 0 50 200 2
1.52528 0 17 0 50 200 2
1.55098 1 16 0 50 200 2
1.54793 0 17 0 50 200 2
1.54108 1 19 0 50 200 2
1.55501 1 16 0 50 200 2
1.53966 1 15 0 50 200 2
1.65923 0 16 0 50 200 2
1.60485 2 16 0 50 200 2
1.59572 1 17 0 50 200 2
1.61064 1 16 0 50 200 2
1.57091 0 15 0 50 200 2
1.58722 0 16 0 50 200 2
1.55952 1 16 0 50 200 2
1.54416 1 16 0 50 200 2
1.54933 0 16 0 50 200 2
1.64683 2 15 0 50 200 2
1.56251 2 15 0 50 200 2
1.53574 1 19 0 50 200 2
1.5902 1 16 0 50 200 2
1.57673 1 16 0 50 200 2
1.60971 2 15 0 50 200 2
1.59685 0 17 0 50 200 2
1.53435 1 18 0 50 200 2
1.51574 2 16 0 50 200 2
1.55102 2 15 0 50 200 2
1.58814 1 15 0 50 200 2
1.58989 1 15 0 50 200 2
1.56066 1 16 0 50 200 2
1.54606 1 16 0 50 200 2
1.52475 1 17 0 50 200 2
1.54834 2 15 0 50 200 2
1.5521 2 16 0 50 200 2
1.54423 1 16 0 50 200 2
1.53996 0 19 0 50 200 2
1.53157 1 16 0 50 200 2
1.52309 1 17 0 50 200 2
1.56266 1 15 0 50 200 2
1.59474 1 15 0 50 200 2
1.57392 0 16 0 50 200 2
1.53755 1 16 0 50 200 2
1.5279 2 15 0 50 200 2
1.55314 1 15 0 50 200 2
