0.284847 0 5 1 10 200 2
0.276013 1 3.75 1 10 200 2
0.280927 1 3.75 1 10 200 2
0.274983 1 3.75 1 10 200 2
0.258354 1 6.25 1 10 200 2
0.262271 1 5 1 10 200 2
0.272148 0 5 1 10 200 2
0.262723 0 5 1 10 200 2
0.258928 0 6.25 1 10 200 2
0.266573 0 7.75 1 10 200 2
0.268962 1 6.25 1 10 200 2
0.261979 1 5 1 10 200 2
0.263619 1 3.75 1 10 200 2
0.25871 1 3.75 1 10 200 2
0.26342 0 5 1 10 200 2
0.261315 1 3.75 1 10 200 2
0.270399 1 3.75 1 10 200 2
0.260418 0 5 1 10 200 2
0.269347 1 3.75 1 10 200 2
0.274499 1 3.75 1 10 200 2
