0.282057 1 7 1 10 200 3
0.276471 1 3.75 1 10 200 3
0.267972 1 3.75 1 10 200 3
0.261028 1 5 1 10 200 3
0.278603 1 3.75 1 10 200 3
0.274045 1 5 1 10 200 3
0.270493 1 3.75 1 10 200 3
0.268899 1 3.75 1 10 200 3
0.270986 1 3.75 1 10 200 3
0.263176 2 5 1 10 200 3
0.266053 0 5 1 10 200 3
0.263594 1 5 1 10 200 3
0.266661 3 5 1 10 200 3
0.267941 2 5.75 1 10 200 3
0.264186 1 5 1 10 200 3
0.265508 2 3.75 1 10 200 3
0.278456 1 5 1 10 200 3
0.279232 2 6.25 1 10 200 3
0.265467 2 3.75 1 10 200 3
0.259252 2 5 1 10 200 3
