0.002495 0 94.75 2 10 200 2
0.002562 0 94.75 2 10 200 2
0.00255 0 94.75 2 10 200 2
0.002556 0 104.75 2 10 200 2
0.00246 0 94.75 2 10 200 2
0.002533 0 104.75 2 10 200 2
0.002573 0 94.75 2 10 200 2
0.002465 0 94.75 2 10 200 2
0.002531 0 94.75 2 10 200 2
0.00284 0 94.75 2 10 200 2
0.002621 0 94.75 2 10 200 2
0.002531 0 94.75 2 10 200 2
0.002496 0 94.75 2 10 200 2
0.002696 0 94.75 2 10 200 2
0.002533 0 94.75 2 10 200 2
0.002606 0 94.75 2 10 200 2
0.002744 0 94.75 2 10 200 2
0.003 0 94.75 2 10 200 2
0.002574 0 94.75 2 10 200 2
0.002522 0 94.75 2 10 200 2
