1.21399 2 3.75 1 10 1000 3
1.17992 0 3.75 1 10 1000 3
1.1776 1 3.75 1 10 1000 3
1.16979 1 3.75 1 10 1000 3
1.17162 1 3.75 1 10 1000 3
1.16378 1 5 1 10 1000 3
1.16649 2 5 1 10 1000 3
1.16567 1 3.75 1 10 1000 3
1.19857 1 3.75 1 10 1000 3
1.18359 1 3.75 1 10 1000 3
1.17444 1 3.75 1 10 1000 3
1.18106 1 5 1 10 1000 3
1.20108 1 3.75 1 10 1000 3
1.17794 1 3.75 1 10 1000 3
1.16726 1 5 1 10 1000 3
1.18834 2 3.75 1 10 1000 3
1.18904 2 3.75 1 10 1000 3
1.18175 2 3.75 1 10 1000 3
1.16651 0 5 1 10 1000 3
1.24851 2 5 1 10 1000 3
