0.009401 0 20 0 10 1000 1
0.01043 0 20 0 10 1000 1
0.009694 0 20 0 10 1000 1
0.012082 0 20 0 10 1000 1
0.013961 0 20 0 10 1000 1
0.01304 0 20 0 10 1000 1
0.010884 0 20 0 10 1000 1
0.01014 0 20 0 10 1000 1
0.009396 0 20 0 10 1000 1
0.011799 0 20 0 10 1000 1
0.010046 0 20 0 10 1000 1
0.010925 0 20 0 10 1000 1
0.009401 0 20 0 10 1000 1
0.012419 0 20 0 10 1000 1
0.010072 0 20 0 10 1000 1
0.010824 0 20 0 10 1000 1
0.009473 0 20 0 10 1000 1
0.010539 0 20 0 10 1000 1
0.010767 0 20 0 10 1000 1
0.009754 0 20 0 10 1000 1
