0.058784 0 20 0 50 1000 3
0.048959 0 20 0 50 1000 3
0.051473 0 20 0 50 1000 3
0.050066 0 20 0 50 1000 3
0.049067 0 20 0 50 1000 3
0.046259 0 20 0 50 1000 3
0.046155 0 20 0 50 1000 3
0.0459 0 20 0 50 1000 3
0.045609 0 20 0 50 1000 3
0.04605 0 20 0 50 1000 3
0.045714 0 20 0 50 1000 3
0.049313 0 20 0 50 1000 3
0.047998 0 20 0 50 1000 3
0.046426 0 20 0 50 1000 3
0.046065 0 20 0 50 1000 3
0.046533 0 20 0 50 1000 3
0.055547 0 20 0 50 1000 3
0.049191 0 20 0 50 1000 3
0.048581 0 20 0 50 1000 3
0.049288 0 20 0 50 1000 3
