0.320063 2 6.8 1 10 200 2
0.308718 2 6.8 1 10 200 2
0.307232 1 8.4 1 10 200 2
0.309136 1 6.8 1 10 200 2
0.306239 2 5.6 1 10 200 2
0.309708 2 6.8 1 10 200 2
0.309345 2 4.8 1 10 200 2
0.305314 2 6.8 1 10 200 2
0.32429 1 7.6 1 10 200 2
0.309782 1 6.8 1 10 200 2
0.3479 1 6 1 10 200 2
0.325861 2 7.6 1 10 200 2
0.323388 1 6.8 1 10 200 2
0.312066 2 6.8 1 10 200 2
0.31641 2 6 1 10 200 2
0.318073 2 6.8 1 10 200 2
0.310564 1 5.6 1 10 200 2
0.304367 1 8.8 1 10 200 2
0.324388 2 4.8 1 10 200 2
0.318524 1 10.4 1 10 200 2
0.310754 3 4.8 1 10 200 2
0.315646 3 4.8 1 10 200 2
0.308723 1 6.8 1 10 200 2
0.31769 2 7.2 1 10 200 2
0.343361 1 6.4 1 10 200 2
0.322445 1 7.6 1 10 200 2
0.314599 1 4.8 1 10 200 2
0.31208 2 7.6 1 10 200 2
0.323814 2 6 1 10 200 2
0.32704 1 6 1 10 200 2
0.316075 1 6.4 1 10 200 2
0.321374 1 6.4 1 10 200 2
0.313158 2 6.8 1 10 200 2
0.309358 2 5.6 1 10 200 2
0.313149 1 7.6 1 10 200 2
0.308945 1 5.6 1 10 200 2
0.314136 2 4.8 1 10 200 2
0.321059 3 4.8 1 10 200 2
0.313279 1 5.6 1 10 200 2
0.307943 2 6.4 1 10 200 2
0.315556 2 5.6 1 10 200 2
0.322765 1 4.8 1 10 200 2
0.308043 2 4.8 1 10 200 2
0.306834 2 7.6 1 10 200 2
0.317985 2 5.6 1 10 200 2
0.313197 2 7.6 1 10 200 2
0.307897 2 6.8 1 10 200 2
0.319868 2 7.6 1 10 200 2
0.325168 1 5.6 1 10 200 2
0.317236 2 6 1 10 200 2
