1.44945 2 17 0 10 1000 2
1.4814 2 15 0 10 1000 2
1.45861 2 16 0 10 1000 2
1.41749 1 21 0 10 1000 2
1.42413 3 15 0 10 1000 2
1.42037 2 18 0 10 1000 2
1.52622 2 16 0 10 1000 2
1.57807 1 17 0 10 1000 2
1.42665 2 18 0 10 1000 2
1.48411 2 19 0 10 1000 2
1.42696 1 16 0 10 1000 2
1.39118 2 16 0 10 1000 2
1.44355 2 19 0 10 1000 2
1.58907 3 16 0 10 1000 2
1.61585 1 15 0 10 1000 2
1.61423 2 16 0 10 1000 2
1.48073 3 16 0 10 1000 2
1.50906 2 17 0 10 1000 2
1.52015 2 15 0 10 1000 2
1.47582 1 17 0 10 1000 2
1.45626 2 17 0 10 1000 2
1.41063 3 16 0 10 1000 2
1.39439 2 16 0 10 1000 2
1.58576 2 17 0 10 1000 2
1.50118 2 15 0 10 1000 2
1.41452 2 18 0 10 1000 2
1.39943 1 19 0 10 1000 2
1.48481 1 15 0 10 1000 2
1.4498 3 16 0 10 1000 2
1.44372 2 16 0 10 1000 2
1.47616 1 16 0 10 1000 2
1.42715 1 16 0 10 1000 2
1.461 3 17 0 10 1000 2
1.39845 3 15 0 10 1000 2
1.48491 2 19 0 10 1000 2
1.42915 2 17 0 10 1000 2
1.44541 1 19 0 10 1000 2
1.44442 1 16 0 10 1000 2
1.4322 2 17 0 10 1000 2
1.46204 1 16 0 10 1000 2
1.41472 1 17 0 10 1000 2
1.43149 3 17 0 10 1000 2
1.43268 3 16 0 10 1000 2
1.42494 1 16 0 10 1000 2
1.44539 4 15 0 10 1000 2
1.46078 2 16 0 10 1000 2
1.47923 2 17 0 10 1000 2
1.41551 2 17 0 10 1000 2
1.43264 2 16 0 10 1000 2
1.42518 2 15 0 10 1000 2
