0.315404 1 17 0 10 200 2
0.307046 3 15 0 10 200 2
0.307637 1 15 0 10 200 2
0.303688 2 15 0 10 200 2
0.312612 2 16 0 10 200 2
0.303396 2 18 0 10 200 2
0.305694 3 15 0 10 200 2
0.30596 3 16 0 10 200 2
0.303983 2 16 0 10 200 2
0.309847 2 19 0 10 200 2
0.307795 0 17 0 10 200 2
0.311329 3 17 0 10 200 2
0.304437 1 18 0 10 200 2
0.305024 2 19 0 10 200 2
0.307629 1 17 0 10 200 2
0.309754 2 16 0 10 200 2
0.30927 2 16 0 10 200 2
0.312222 3 16 0 10 200 2
0.313646 3 15 0 10 200 2
0.314617 0 16 0 10 200 2
0.313514 2 18 0 10 200 2
0.309322 3 15 0 10 200 2
0.307244 2 19 0 10 200 2
0.305987 3 19 0 10 200 2
0.306557 2 16 0 10 200 2
0.305174 2 20 0 10 200 2
0.310906 2 18 0 10 200 2
0.302683 2 17 0 10 200 2
0.306682 2 17 0 10 200 2
0.307662 2 16 0 10 200 2
0.307701 2 17 0 10 200 2
0.308557 2 17 0 10 200 2
0.308242 2 16 0 10 200 2
0.304318 3 16 0 10 200 2
0.303152 2 20 0 10 200 2
0.304403 1 16 0 10 200 2
0.310969 2 16 0 10 200 2
0.310908 2 16 0 10 200 2
0.306104 2 15 0 10 200 2
0.309564 3 16 0 10 200 2
0.315575 2 16 0 10 200 2
0.343658 1 17 0 10 200 2
0.323991 2 15 0 10 200 2
0.319549 3 15 0 10 200 2
0.316381 1 15 0 10 200 2
0.31228 1 16 0 10 200 2
0.301039 3 15 0 10 200 2
0.305094 3 17 0 10 200 2
0.308472 2 15 0 10 200 2
0.30268 3 16 0 10 200 2
