0.009779 0 20 0 10 1000 3
0.010904 0 20 0 10 1000 3
0.01042 0 20 0 10 1000 3
0.010184 1 20 0 10 1000 3
0.009952 0 20 0 10 1000 3
0.009958 0 20 0 10 1000 3
0.010149 0 20 0 10 1000 3
0.009647 0 20 0 10 1000 3
0.00991 0 20 0 10 1000 3
0.010364 0 20 0 10 1000 3
0.009846 0 20 0 10 1000 3
0.00978 0 20 0 10 1000 3
0.00971 0 20 0 10 1000 3
0.009367 0 20 0 10 1000 3
0.009611 0 20 0 10 1000 3
0.009822 0 20 0 10 1000 3
0.009585 0 20 0 10 1000 3
0.009678 0 20 0 10 1000 3
0.009623 0 20 0 10 1000 3
0.009638 0 20 0 10 1000 3
