5.68538 1 22 0 50 200 1
5.58324 1 21 0 50 200 1
5.59519 0 22 0 50 200 1
5.50989 0 22 0 50 200 1
5.42601 1 21 0 50 200 1
5.41029 1 20 0 50 200 1
5.42071 1 22 0 50 200 1
5.62754 1 21 0 50 200 1
5.82524 1 22 0 50 200 1
6.28141 1 20 0 50 200 1
5.83241 1 22 0 50 200 1
6.32821 0 21 0 50 200 1
5.48365 1 20 0 50 200 1
5.46431 0 21 0 50 200 1
5.64419 1 21 0 50 200 1
5.82178 0 24 0 50 200 1
5.67038 1 21 0 50 200 1
6.14053 1 21 0 50 200 1
5.59143 0 22 0 50 200 1
5.6974 0 21 0 50 200 1
5.7165 1 21 0 50 200 1
5.6272 1 21 0 50 200 1
5.61468 1 24 0 50 200 1
5.58285 0 19 0 50 200 1
5.81425 0 22 0 50 200 1
5.54771 0 22 0 50 200 1
5.66368 1 21 0 50 200 1
5.64094 1 21 0 50 200 1
5.64477 0 21 0 50 200 1
5.59088 1 21 0 50 200 1
5.56809 1 20 0 50 200 1
5.4962 1 21 0 50 200 1
5.41087 1 21 0 50 200 1
5.53335 0 20 0 50 200 1
5.6371 0 22 0 50 200 1
5.6392 0 21 0 50 200 1
5.57602 0 22 0 50 200 1
5.6867 1 22 0 50 200 1
5.50072 0 20 0 50 200 1
5.60324 1 20 0 50 200 1
5.47774 0 21 0 50 200 1
5.55256 1 20 0 50 200 1
5.48011 1 22 0 50 200 1
5.53777 0 20 0 50 200 1
5.46113 0 23 0 50 200 1
5.49221 0 23 0 50 200 1
5.53082 1 21 0 50 200 1
5.42594 1 20 0 50 200 1
5.42539 1 19 0 50 200 1
5.39154 1 20 0 50 200 1
