1.20095 0 5 1 10 1000 2
1.20303 1 3.75 1 10 1000 2
1.19123 2 3.75 1 10 1000 2
1.19015 0 5 1 10 1000 2
1.17983 1 3.75 1 10 1000 2
1.18649 1 3.75 1 10 1000 2
1.18261 0 3.75 1 10 1000 2
1.19514 0 5 1 10 1000 2
1.20334 0 3.75 1 10 1000 2
1.20765 0 5 1 10 1000 2
1.18942 1 3.75 1 10 1000 2
1.2236 1 5 1 10 1000 2
1.18708 1 3.75 1 10 1000 2
1.19461 0 5 1 10 1000 2
1.21595 1 3.75 1 10 1000 2
1.20298 1 3.75 1 10 1000 2
1.20775 0 3.75 1 10 1000 2
1.23056 1 3.75 1 10 1000 2
1.21185 1 3.75 1 10 1000 2
1.19857 1 3.75 1 10 1000 2
