1.37628 1 3.75 1 50 200 1
1.37906 1 3.75 1 50 200 1
1.34655 1 3.75 1 50 200 1
1.39639 1 3.75 1 50 200 1
1.41553 0 5 1 50 200 1
1.37694 1 3.75 1 50 200 1
1.32016 1 3.75 1 50 200 1
1.3704 1 3.75 1 50 200 1
1.3355 1 3.75 1 50 200 1
1.38576 1 3.75 1 50 200 1
1.40493 1 3.75 1 50 200 1
1.34214 1 3.75 1 50 200 1
1.35678 1 3.75 1 50 200 1
1.37615 1 3.75 1 50 200 1
1.32466 1 3.75 1 50 200 1
1.33866 1 3.75 1 50 200 1
1.32849 1 3.75 1 50 200 1
1.31605 1 3.75 1 50 200 1
1.28403 1 3.75 1 50 200 1
1.30433 1 3.75 1 50 200 1
