0.325494 1 4.4 2 10 200 3
0.322762 1 8.4 2 10 200 3
0.310116 1 8.4 2 10 200 3
0.306398 2 8.4 2 10 200 3
0.305383 1 8.4 2 10 200 3
0.310841 1 10.4 2 10 200 3
0.306421 2 4.4 2 10 200 3
0.307591 3 6.4 2 10 200 3
0.308024 2 8.4 2 10 200 3
0.307702 1 4.4 2 10 200 3
0.3369 2 2.4 2 10 200 3
0.325633 2 4.4 2 10 200 3
0.308273 1 4.4 2 10 200 3
0.308087 2 2.4 2 10 200 3
0.305233 1 4.4 2 10 200 3
0.308075 2 6.4 2 10 200 3
0.308654 2 8.4 2 10 200 3
0.308539 1 6.4 2 10 200 3
0.32782 2 4.4 2 10 200 3
0.325224 2 6.4 2 10 200 3
0.354361 2 2.4 2 10 200 3
0.310879 2 4.4 2 10 200 3
0.309172 2 4.4 2 10 200 3
0.312077 1 16.4 2 10 200 3
0.307626 1 4.4 2 10 200 3
0.320815 2 10.4 2 10 200 3
0.312611 2 4.4 2 10 200 3
0.345179 1 4.4 2 10 200 3
0.319668 2 2.4 2 10 200 3
0.316569 2 4.4 2 10 200 3
0.313386 1 16.4 2 10 200 3
0.307972 2 4.4 2 10 200 3
0.332908 2 14.4 2 10 200 3
0.314141 2 6.4 2 10 200 3
0.323393 2 16.4 2 10 200 3
0.314197 3 4.4 2 10 200 3
0.30764 2 4.4 2 10 200 3
0.310114 2 4.4 2 10 200 3
0.318605 2 2.4 2 10 200 3
0.329387 2 10.4 2 10 200 3
0.319829 2 4.4 2 10 200 3
0.314903 2 8.4 2 10 200 3
0.319103 2 2.4 2 10 200 3
0.321506 3 2.4 2 10 200 3
0.326058 2 4.4 2 10 200 3
0.321265 3 4.4 2 10 200 3
0.330927 3 4.4 2 10 200 3
0.32511 1 6.4 2 10 200 3
0.327363 1 10.4 2 10 200 3
0.317025 3 6.4 2 10 200 3
