5.06903 0 21 0 10 1000 3
5.14837 2 21 0 10 1000 3
5.06662 3 22 0 10 1000 3
4.92643 2 24 0 10 1000 3
4.91083 3 23 0 10 1000 3
4.92674 1 23 0 10 1000 3
4.89267 3 22 0 10 1000 3
5.51384 2 22 0 10 1000 3
5.00731 0 23 0 10 1000 3
5.07817 3 22 0 10 1000 3
4.96442 3 21 0 10 1000 3
4.95949 2 23 0 10 1000 3
4.97386 3 22 0 10 1000 3
5.14536 2 20 0 10 1000 3
4.86044 2 23 0 10 1000 3
5.0767 1 22 0 10 1000 3
4.89905 1 22 0 10 1000 3
5.6471 1 22 0 10 1000 3
5.22398 1 21 0 10 1000 3
5.34734 4 21 0 10 1000 3
5.05878 2 23 0 10 1000 3
4.88771 3 23 0 10 1000 3
5.12293 2 22 0 10 1000 3
4.98876 3 24 0 10 1000 3
5.00803 2 22 0 10 1000 3
5.07596 1 21 0 10 1000 3
4.90197 2 22 0 10 1000 3
4.81098 1 24 0 10 1000 3
4.80004 4 22 0 10 1000 3
4.83834 1 22 0 10 1000 3
4.79834 1 20 0 10 1000 3
5.09711 3 23 0 10 1000 3
4.82451 3 24 0 10 1000 3
4.99466 3 24 0 10 1000 3
5.00106 1 21 0 10 1000 3
5.05594 0 24 0 10 1000 3
5.04635 2 23 0 10 1000 3
4.96665 3 23 0 10 1000 3
4.91502 2 21 0 10 1000 3
4.99519 2 22 0 10 1000 3
4.97554 4 23 0 10 1000 3
4.97899 0 23 0 10 1000 3
5.01215 4 21 0 10 1000 3
4.94559 4 24 0 10 1000 3
4.94093 3 23 0 10 1000 3
4.95635 3 22 0 10 1000 3
4.95849 3 23 0 10 1000 3
4.90138 1 22 0 10 1000 3
4.94433 0 21 0 10 1000 3
5.04855 1 24 0 10 1000 3
