23.9275 0 4 2 50 1000 2
24.0247 0 4 2 50 1000 2
24.0279 0 2 2 50 1000 2
24.0277 0 10 2 50 1000 2
23.9554 0 0 2 50 1000 2
23.9426 0 4 2 50 1000 2
23.9196 0 0 2 50 1000 2
24.0375 0 4 2 50 1000 2
24.0568 0 4 2 50 1000 2
23.997 0 2 2 50 1000 2
24.0568 0 2 2 50 1000 2
24.0455 0 4 2 50 1000 2
24.597 0 2 2 50 1000 2
24.0625 0 4 2 50 1000 2
23.9338 0 0 2 50 1000 2
23.943 0 2 2 50 1000 2
23.9282 0 6 2 50 1000 2
24.0318 0 4 2 50 1000 2
23.9463 0 4 2 50 1000 2
23.9634 0 2 2 50 1000 2
23.991 0 4 2 50 1000 2
24.0791 0 2 2 50 1000 2
24.1222 0 2 2 50 1000 2
24.4317 0 4 2 50 1000 2
24.0642 0 4 2 50 1000 2
23.9562 0 2 2 50 1000 2
23.9443 0 2 2 50 1000 2
23.9486 0 4 2 50 1000 2
23.9568 0 2 2 50 1000 2
23.9255 0 4 2 50 1000 2
23.9917 0 4 2 50 1000 2
24.1536 0 4 2 50 1000 2
24.2075 0 4 2 50 1000 2
24.0466 0 2 2 50 1000 2
24.0996 0 4 2 50 1000 2
23.9942 0 4 2 50 1000 2
24.3259 0 2 2 50 1000 2
23.969 0 4 2 50 1000 2
24.0223 0 2 2 50 1000 2
24.03 0 10 2 50 1000 2
23.9987 0 0 2 50 1000 2
24.199 0 2 2 50 1000 2
24.0269 0 2 2 50 1000 2
23.9496 0 4 2 50 1000 2
23.9975 0 2 2 50 1000 2
23.9612 0 2 2 50 1000 2
23.9731 0 2 2 50 1000 2
23.981 0 6 2 50 1000 2
23.9825 0 2 2 50 1000 2
23.9792 0 2 2 50 1000 2
