1.59678 0 5.6 1 50 200 2
1.62956 1 6 1 50 200 2
1.57492 1 4.8 1 50 200 2
1.57852 0 4.8 1 50 200 2
1.5621 1 5.6 1 50 200 2
1.56133 1 8.8 1 50 200 2
1.60186 1 6.8 1 50 200 2
1.58952 1 7.6 1 50 200 2
1.6193 1 7.6 1 50 200 2
1.56332 0 4.8 1 50 200 2
1.58683 1 6 1 50 200 2
1.5929 1 4.8 1 50 200 2
1.61327 1 6.8 1 50 200 2
1.60601 0 8 1 50 200 2
1.63227 1 4.8 1 50 200 2
1.59489 0 8.8 1 50 200 2
1.68569 1 4.8 1 50 200 2
1.57701 1 6.8 1 50 200 2
1.53291 0 4.8 1 50 200 2
1.57773 1 4.8 1 50 200 2
1.55342 2 4.8 1 50 200 2
1.55083 1 5.6 1 50 200 2
1.55905 0 4.8 1 50 200 2
1.52687 1 6.4 1 50 200 2
1.54991 1 6 1 50 200 2
1.54771 1 4.8 1 50 200 2
1.56854 0 6.8 1 50 200 2
1.54375 2 6.8 1 50 200 2
1.62374 2 4.8 1 50 200 2
1.60186 1 6 1 50 200 2
1.58246 0 4.8 1 50 200 2
1.57292 1 6 1 50 200 2
1.54424 2 4.8 1 50 200 2
1.52977 1 4.8 1 50 200 2
1.5734 1 5.6 1 50 200 2
1.58879 1 5.6 1 50 200 2
1.60668 2 4.8 1 50 200 2
1.55836 0 6.4 1 50 200 2
1.54749 1 5.6 1 50 200 2
1.52573 1 6.8 1 50 200 2
1.53235 1 6.8 1 50 200 2
1.5399 0 5.6 1 50 200 2
1.5468 0 11.6 1 50 200 2
1.50932 2 4.8 1 50 200 2
1.51732 1 9.6 1 50 200 2
1.56194 1 5.6 1 50 200 2
1.55937 1 6 1 50 200 2
1.5371 1 8.8 1 50 200 2
1.56035 1 5.6 1 50 200 2
1.57074 1 4.8 1 50 200 2
