7.39506 1 2.4 2 50 1000 1
7.09456 0 4.4 2 50 1000 1
7.10346 0 10.4 2 50 1000 1
7.0772 0 2.4 2 50 1000 1
7.04924 0 2.4 2 50 1000 1
7.25734 1 6.4 2 50 1000 1
7.26432 0 2.4 2 50 1000 1
7.41692 0 4.4 2 50 1000 1
7.03903 0 6.4 2 50 1000 1
6.98561 1 2.4 2 50 1000 1
7.06438 0 4.4 2 50 1000 1
6.99775 0 4.4 2 50 1000 1
7.03016 1 2.4 2 50 1000 1
7.43424 0 4.4 2 50 1000 1
7.28287 0 2.4 2 50 1000 1
7.1616 0 2.4 2 50 1000 1
7.20463 0 2.4 2 50 1000 1
7.18349 0 4.4 2 50 1000 1
7.19173 0 4.4 2 50 1000 1
6.95302 0 4.4 2 50 1000 1
6.95594 0 2.4 2 50 1000 1
7.0127 0 6.4 2 50 1000 1
7.14975 0 2.4 2 50 1000 1
7.07028 0 2.4 2 50 1000 1
7.14647 0 4.4 2 50 1000 1
7.11237 1 2.4 2 50 1000 1
7.18444 0 2.4 2 50 1000 1
7.1463 0 10.4 2 50 1000 1
7.11431 0 8.4 2 50 1000 1
7.11564 0 2.4 2 50 1000 1
7.23209 0 4.4 2 50 1000 1
7.1023 0 8.4 2 50 1000 1
7.03663 0 2.4 2 50 1000 1
7.22415 0 4.4 2 50 1000 1
7.15445 0 2.4 2 50 1000 1
6.91559 1 2.4 2 50 1000 1
6.96464 0 6.4 2 50 1000 1
6.9602 1 2.4 2 50 1000 1
6.92136 0 8.4 2 50 1000 1
6.97388 0 4.4 2 50 1000 1
7.10098 0 2.4 2 50 1000 1
7.00061 1 2.4 2 50 1000 1
6.95131 1 2.4 2 50 1000 1
6.98083 0 4.4 2 50 1000 1
6.9955 0 2.4 2 50 1000 1
7.02982 0 4.4 2 50 1000 1
7.04811 0 8.4 2 50 1000 1
7.21243 0 4.4 2 50 1000 1
7.63624 0 4.4 2 50 1000 1
7.3182 0 2.4 2 50 1000 1
