0.059112 0 17 1 50 1000 2
0.057122 0 17 1 50 1000 2
0.05664 0 17 1 50 1000 2
0.058002 0 17 1 50 1000 2
0.060638 0 17 1 50 1000 2
0.05789 0 17 1 50 1000 2
0.064302 0 17 1 50 1000 2
0.060566 0 17 1 50 1000 2
0.064187 0 17 1 50 1000 2
0.068333 0 17 1 50 1000 2
0.063485 0 17 1 50 1000 2
0.059129 0 17 1 50 1000 2
0.061209 0 17 1 50 1000 2
0.066207 0 17 1 50 1000 2
0.059521 0 17 1 50 1000 2
0.06011 0 17 1 50 1000 2
0.058538 0 17 1 50 1000 2
0.062025 0 17 1 50 1000 2
0.063155 0 17 1 50 1000 2
0.056805 0 17 1 50 1000 2
