5.58373 0 12 1 50 200 3
5.61388 1 12 1 50 200 3
5.66326 1 4 1 50 200 3
5.69785 0 14 1 50 200 3
5.66298 0 10 1 50 200 3
5.52135 1 2 1 50 200 3
5.57162 0 6 1 50 200 3
5.62171 0 6 1 50 200 3
5.51983 0 4 1 50 200 3
5.68794 1 0 1 50 200 3
5.44648 0 2 1 50 200 3
5.56785 1 2 1 50 200 3
5.97574 0 8 1 50 200 3
5.71197 0 8 1 50 200 3
6.14845 1 4 1 50 200 3
5.83332 1 2 1 50 200 3
5.87974 0 12 1 50 200 3
5.79157 0 4 1 50 200 3
5.73455 0 6 1 50 200 3
5.69081 1 4 1 50 200 3
5.73798 0 6 1 50 200 3
5.83146 0 6 1 50 200 3
5.76608 0 6 1 50 200 3
5.64929 0 6 1 50 200 3
5.68671 0 8 1 50 200 3
5.6286 0 6 1 50 200 3
5.76171 0 8 1 50 200 3
5.65287 0 10 1 50 200 3
5.5896 1 2 1 50 200 3
5.58324 0 6 1 50 200 3
5.63692 0 10 1 50 200 3
5.6883 0 12 1 50 200 3
5.77591 1 4 1 50 200 3
5.80909 0 6 1 50 200 3
5.69256 0 2 1 50 200 3
5.90376 0 4 1 50 200 3
5.69223 0 2 1 50 200 3
5.52274 0 8 1 50 200 3
5.50637 0 4 1 50 200 3
5.57748 0 4 1 50 200 3
5.6966 1 6 1 50 200 3
5.61624 0 6 1 50 200 3
5.6213 0 10 1 50 200 3
5.63047 1 2 1 50 200 3
5.60747 0 2 1 50 200 3
5.81241 0 8 1 50 200 3
5.80847 0 2 1 50 200 3
5.55752 1 4 1 50 200 3
5.74514 1 4 1 50 200 3
5.67859 0 8 1 50 200 3
