1.40305 2 4.8 1 10 1000 1
1.38914 0 6 1 10 1000 1
1.39315 1 5.6 1 10 1000 1
1.39531 1 4.8 1 10 1000 1
1.4028 1 5.6 1 10 1000 1
1.39525 2 4.8 1 10 1000 1
1.39487 2 4.8 1 10 1000 1
1.45436 1 6.8 1 10 1000 1
1.4532 1 6.8 1 10 1000 1
1.39037 1 8 1 10 1000 1
1.40983 1 4.8 1 10 1000 1
1.4041 2 6 1 10 1000 1
1.40007 1 6.8 1 10 1000 1
1.39296 0 4.8 1 10 1000 1
1.40428 1 5.6 1 10 1000 1
1.40409 2 6 1 10 1000 1
1.40391 1 6.8 1 10 1000 1
1.4084 1 4.8 1 10 1000 1
1.45972 1 4.8 1 10 1000 1
1.43549 2 4.8 1 10 1000 1
1.45646 0 6.8 1 10 1000 1
1.43943 1 6.8 1 10 1000 1
1.46155 1 6.8 1 10 1000 1
1.45563 0 6 1 10 1000 1
1.45574 1 4.8 1 10 1000 1
1.45486 1 4.8 1 10 1000 1
1.43903 2 6 1 10 1000 1
1.44717 1 4.8 1 10 1000 1
1.43468 2 6 1 10 1000 1
1.45615 1 5.6 1 10 1000 1
1.44216 0 6.8 1 10 1000 1
1.412 1 4.8 1 10 1000 1
1.43132 0 4.8 1 10 1000 1
1.44606 1 5.6 1 10 1000 1
1.50706 1 6 1 10 1000 1
1.42885 0 8 1 10 1000 1
1.44593 1 4.8 1 10 1000 1
1.40936 1 4.8 1 10 1000 1
1.40801 1 8 1 10 1000 1
1.41624 1 8 1 10 1000 1
1.4226 1 5.6 1 10 1000 1
1.41547 1 6.8 1 10 1000 1
1.41819 1 6 1 10 1000 1
1.49783 1 4.8 1 10 1000 1
1.45903 1 8.8 1 10 1000 1
1.42434 1 4.8 1 10 1000 1
1.44233 1 8 1 10 1000 1
1.43906 0 4.8 1 10 1000 1
1.40261 1 6 1 10 1000 1
1.4019 1 4.8 1 10 1000 1
