0.013091 0 94.75 2 50 200 1
0.014946 0 94.75 2 50 200 1
0.015445 0 94.75 2 50 200 1
0.0129 0 94.75 2 50 200 1
0.014885 0 94.75 2 50 200 1
0.012545 0 94.75 2 50 200 1
0.015434 0 94.75 2 50 200 1
0.013891 0 94.75 2 50 200 1
0.013274 0 94.75 2 50 200 1
0.013695 0 94.75 2 50 200 1
0.013702 0 94.75 2 50 200 1
0.012213 0 94.75 2 50 200 1
0.012618 0 94.75 2 50 200 1
0.013344 0 94.75 2 50 200 1
0.015245 0 94.75 2 50 200 1
0.012899 0 94.75 2 50 200 1
0.012576 0 94.75 2 50 200 1
0.014754 0 94.75 2 50 200 1
0.012468 0 94.75 2 50 200 1
0.014346 0 94.75 2 50 200 1
