7.24909 1 17 0 50 1000 3
7.36289 1 16 0 50 1000 3
7.04811 1 17 0 50 1000 3
7.12291 1 15 0 50 1000 3
7.0905 1 15 0 50 1000 3
7.04142 0 16 0 50 1000 3
7.05286 1 15 0 50 1000 3
7.08817 1 17 0 50 1000 3
7.03007 1 16 0 50 1000 3
7.02231 1 15 0 50 1000 3
7.03566 0 18 0 50 1000 3
7.04646 1 15 0 50 1000 3
6.99366 0 15 0 50 1000 3
7.03182 1 17 0 50 1000 3
7.1906 1 15 0 50 1000 3
7.07271 2 16 0 50 1000 3
6.90781 1 15 0 50 1000 3
6.90301 2 17 0 50 1000 3
6.92476 0 16 0 50 1000 3
6.89507 1 16 0 50 1000 3
6.91189 2 15 0 50 1000 3
6.89439 0 15 0 50 1000 3
6.87725 0 15 0 50 1000 3
6.93011 0 18 0 50 1000 3
6.92668 2 15 0 50 1000 3
7.01473 0 16 0 50 1000 3
6.98642 0 16 0 50 1000 3
7.13218 2 16 0 50 1000 3
7.0403 2 15 0 50 1000 3
6.95872 1 15 0 50 1000 3
6.94226 1 16 0 50 1000 3
7.0088 1 16 0 50 1000 3
6.93262 1 17 0 50 1000 3
6.9393 0 17 0 50 1000 3
6.90618 1 15 0 50 1000 3
6.89923 1 15 0 50 1000 3
6.971 0 17 0 50 1000 3
6.93533 1 16 0 50 1000 3
7.15501 1 17 0 50 1000 3
7.02538 0 16 0 50 1000 3
7.07846 1 15 0 50 1000 3
7.04181 0 18 0 50 1000 3
7.04124 2 15 0 50 1000 3
6.9368 2 16 0 50 1000 3
7.04215 1 16 0 50 1000 3
7.25566 0 17 0 50 1000 3
7.22239 0 14 0 50 1000 3
7.22473 1 16 0 50 1000 3
7.30199 1 15 0 50 1000 3
7.08925 1 17 0 50 1000 3
