1.18338 1 1.875 2 10 1000 1
1.17546 1 1.875 2 10 1000 1
1.18899 1 3.875 2 10 1000 1
1.17819 2 1.875 2 10 1000 1
1.18381 1 1.875 2 10 1000 1
1.17701 1 1.875 2 10 1000 1
1.17293 1 1.875 2 10 1000 1
1.17956 1 5.875 2 10 1000 1
1.17939 1 1.875 2 10 1000 1
1.17915 1 1.875 2 10 1000 1
1.17601 1 1.875 2 10 1000 1
1.17401 1 1.875 2 10 1000 1
1.18074 2 1.875 2 10 1000 1
1.17556 1 1.875 2 10 1000 1
1.17878 1 3.875 2 10 1000 1
1.17355 1 1.875 2 10 1000 1
1.17069 2 1.875 2 10 1000 1
1.18201 1 3.875 2 10 1000 1
1.18443 1 3.875 2 10 1000 1
1.17972 1 1.875 2 10 1000 1
