7.24753 1 4.8 1 50 1000 2
7.10482 0 5.6 1 50 1000 2
7.24946 0 4.8 1 50 1000 2
7.15537 1 4.8 1 50 1000 2
7.22403 1 4.8 1 50 1000 2
7.16346 1 6.8 1 50 1000 2
7.26309 1 4.8 1 50 1000 2
7.23412 0 4.8 1 50 1000 2
7.19064 0 4.8 1 50 1000 2
7.16098 1 6 1 50 1000 2
7.42729 0 4.8 1 50 1000 2
7.22775 1 5.6 1 50 1000 2
7.20405 0 5.6 1 50 1000 2
7.18656 0 6.4 1 50 1000 2
7.21161 2 4.8 1 50 1000 2
7.16005 1 5.6 1 50 1000 2
7.4184 1 4.8 1 50 1000 2
7.47918 0 8.4 1 50 1000 2
7.25052 1 4.8 1 50 1000 2
7.23259 0 6.8 1 50 1000 2
7.33836 0 7.6 1 50 1000 2
7.15653 0 4.8 1 50 1000 2
7.07867 0 6.8 1 50 1000 2
7.0784 1 5.6 1 50 1000 2
7.22189 1 4.8 1 50 1000 2
7.20213 0 5.6 1 50 1000 2
7.26704 0 4.8 1 50 1000 2
7.19376 1 4.8 1 50 1000 2
7.2398 1 4.8 1 50 1000 2
7.16452 1 4.8 1 50 1000 2
7.26015 1 6 1 50 1000 2
7.21018 2 4.8 1 50 1000 2
7.232 0 9.6 1 50 1000 2
7.13279 0 4.8 1 50 1000 2
7.16814 1 8.4 1 50 1000 2
7.29581 0 9.6 1 50 1000 2
7.46132 1 6.8 1 50 1000 2
7.12475 1 4.8 1 50 1000 2
7.48099 1 4.8 1 50 1000 2
7.33735 1 4.8 1 50 1000 2
7.96315 0 5.6 1 50 1000 2
7.48907 0 8.8 1 50 1000 2
7.13482 0 4.8 1 50 1000 2
7.12616 1 5.6 1 50 1000 2
7.1623 1 4.8 1 50 1000 2
7.24285 1 6.8 1 50 1000 2
7.49236 1 4.8 1 50 1000 2
7.32049 0 8 1 50 1000 2
7.27729 1 6.8 1 50 1000 2
7.32876 1 4.8 1 50 1000 2
