5.96846 1 1.875 2 50 1000 1
5.92996 1 1.875 2 50 1000 1
5.93393 1 1.875 2 50 1000 1
6.0496 1 1.875 2 50 1000 1
5.93434 1 1.875 2 50 1000 1
5.90662 1 1.875 2 50 1000 1
5.99788 1 1.875 2 50 1000 1
5.9456 1 1.875 2 50 1000 1
5.92455 1 1.875 2 50 1000 1
5.92307 1 1.875 2 50 1000 1
5.94044 1 1.875 2 50 1000 1
5.94194 1 1.875 2 50 1000 1
5.92435 0 3.875 2 50 1000 1
5.9807 1 1.875 2 50 1000 1
5.96775 1 1.875 2 50 1000 1
5.91653 1 1.875 2 50 1000 1
5.92607 1 1.875 2 50 1000 1
5.92711 1 1.875 2 50 1000 1
5.92231 1 1.875 2 50 1000 1
5.93996 1 1.875 2 50 1000 1
