5.19882 1 2 2 10 1000 2
5.12703 0 8 2 10 1000 2
4.85379 0 6 2 10 1000 2
4.74563 1 0 2 10 1000 2
4.82994 0 12 2 10 1000 2
4.78944 0 4 2 10 1000 2
4.73581 1 0 2 10 1000 2
4.73218 0 8 2 10 1000 2
4.82112 0 6 2 10 1000 2
5.03845 0 2 2 10 1000 2
5.07275 1 4 2 10 1000 2
5.04471 0 6 2 10 1000 2
5.06696 0 10 2 10 1000 2
4.93613 0 6 2 10 1000 2
5.07428 0 4 2 10 1000 2
5.03423 0 2 2 10 1000 2
5.16014 0 8 2 10 1000 2
5.10247 1 6 2 10 1000 2
5.20962 0 14 2 10 1000 2
5.1053 0 4 2 10 1000 2
5.02723 0 4 2 10 1000 2
5.01721 1 6 2 10 1000 2
4.91934 0 2 2 10 1000 2
4.89793 0 16 2 10 1000 2
4.82734 0 6 2 10 1000 2
4.81679 1 4 2 10 1000 2
4.81629 1 8 2 10 1000 2
4.82305 0 6 2 10 1000 2
4.87483 0 2 2 10 1000 2
4.86208 1 4 2 10 1000 2
4.92198 0 8 2 10 1000 2
4.83444 1 0 2 10 1000 2
4.82646 1 4 2 10 1000 2
4.82522 0 4 2 10 1000 2
4.87089 0 4 2 10 1000 2
4.83402 0 8 2 10 1000 2
4.8365 0 12 2 10 1000 2
4.82859 0 10 2 10 1000 2
4.83408 1 0 2 10 1000 2
4.84705 0 10 2 10 1000 2
4.8322 0 8 2 10 1000 2
4.8711 0 8 2 10 1000 2
4.81374 0 4 2 10 1000 2
4.82074 0 6 2 10 1000 2
4.81391 0 4 2 10 1000 2
4.84641 0 2 2 10 1000 2
4.8658 0 2 2 10 1000 2
4.8503 0 6 2 10 1000 2
4.84977 1 6 2 10 1000 2
4.84824 0 6 2 10 1000 2
