0.002507 0 17 1 10 200 2
0.002463 0 17 1 10 200 2
0.002934 0 17 1 10 200 2
0.002969 0 17 1 10 200 2
0.002516 0 17 1 10 200 2
0.002334 0 17 1 10 200 2
0.002395 0 17 1 10 200 2
0.002372 0 17 1 10 200 2
0.002844 0 17 1 10 200 2
0.002386 0 17 1 10 200 2
0.002375 0 17 1 10 200 2
0.002432 0 17 1 10 200 2
0.002472 0 17 1 10 200 2
0.002392 0 17 1 10 200 2
0.002731 0 17 1 10 200 2
0.002439 0 17 1 10 200 2
0.002611 0 17 1 10 200 2
0.002649 0 17 1 10 200 2
0.002585 0 17 1 10 200 2
0.002442 0 17 1 10 200 2
