4.75692 1 2 2 10 1000 1
4.73782 0 4 2 10 1000 1
4.7489 0 4 2 10 1000 1
4.7338 1 4 2 10 1000 1
4.74673 0 12 2 10 1000 1
4.82392 1 4 2 10 1000 1
4.75456 1 6 2 10 1000 1
4.75847 1 0 2 10 1000 1
4.74418 1 2 2 10 1000 1
4.75566 0 6 2 10 1000 1
4.7492 1 6 2 10 1000 1
4.73324 0 6 2 10 1000 1
4.74268 1 2 2 10 1000 1
4.74106 1 4 2 10 1000 1
4.73601 1 6 2 10 1000 1
4.74796 0 0 2 10 1000 1
4.76023 1 2 2 10 1000 1
4.78137 0 6 2 10 1000 1
4.75321 1 6 2 10 1000 1
4.73226 0 4 2 10 1000 1
4.75303 0 8 2 10 1000 1
4.73503 0 4 2 10 1000 1
4.73173 1 6 2 10 1000 1
4.75769 0 6 2 10 1000 1
4.72769 1 4 2 10 1000 1
4.73958 1 2 2 10 1000 1
4.72855 0 2 2 10 1000 1
4.76873 1 4 2 10 1000 1
4.75752 1 4 2 10 1000 1
4.78681 1 4 2 10 1000 1
4.7329 0 18 2 10 1000 1
4.75271 0 6 2 10 1000 1
4.73646 1 2 2 10 1000 1
4.73672 0 6 2 10 1000 1
4.73639 0 10 2 10 1000 1
4.74111 1 4 2 10 1000 1
4.74659 1 8 2 10 1000 1
4.73582 1 8 2 10 1000 1
4.73372 1 8 2 10 1000 1
4.74283 0 2 2 10 1000 1
4.76844 1 2 2 10 1000 1
4.75177 1 2 2 10 1000 1
4.75687 0 6 2 10 1000 1
4.74296 1 4 2 10 1000 1
4.76733 1 2 2 10 1000 1
4.73392 1 4 2 10 1000 1
4.84169 0 6 2 10 1000 1
4.75548 1 6 2 10 1000 1
4.80531 0 10 2 10 1000 1
4.93992 0 18 2 10 1000 1
