1.13953 1 4 1 10 200 3
1.16467 3 2 1 10 200 3
1.10566 2 4 1 10 200 3
1.17614 1 8 1 10 200 3
1.143 1 8 1 10 200 3
1.16944 2 8 1 10 200 3
1.13574 1 6 1 10 200 3
1.15043 0 8 1 10 200 3
1.10584 1 10 1 10 200 3
1.15128 1 2 1 10 200 3
1.12626 0 2 1 10 200 3
1.17969 1 10 1 10 200 3
1.18064 0 8 1 10 200 3
1.26495 0 10 1 10 200 3
1.25683 3 4 1 10 200 3
1.2308 1 4 1 10 200 3
1.17508 1 6 1 10 200 3
1.17225 0 4 1 10 200 3
1.13941 0 6 1 10 200 3
1.17619 1 6 1 10 200 3
1.11156 2 6 1 10 200 3
1.21626 1 6 1 10 200 3
1.17725 1 4 1 10 200 3
1.1952 1 8 1 10 200 3
1.13972 1 4 1 10 200 3
1.14993 0 6 1 10 200 3
1.15109 1 4 1 10 200 3
1.1828 1 10 1 10 200 3
1.16511 1 12 1 10 200 3
1.19354 0 6 1 10 200 3
1.1301 1 4 1 10 200 3
1.10639 2 6 1 10 200 3
1.15278 2 8 1 10 200 3
1.09596 1 12 1 10 200 3
1.10751 1 12 1 10 200 3
1.15242 1 6 1 10 200 3
1.17304 2 6 1 10 200 3
1.20217 2 8 1 10 200 3
1.20191 0 6 1 10 200 3
1.20408 1 6 1 10 200 3
1.18402 2 8 1 10 200 3
1.19721 0 6 1 10 200 3
1.15982 2 8 1 10 200 3
1.11719 1 4 1 10 200 3
1.09013 2 4 1 10 200 3
1.09255 0 8 1 10 200 3
1.09163 0 10 1 10 200 3
1.0995 1 6 1 10 200 3
1.08708 1 8 1 10 200 3
1.09045 0 8 1 10 200 3
