0.270268 1 3.875 2 10 200 1
0.273774 1 1.875 2 10 200 1
0.263046 1 3.875 2 10 200 1
0.260746 1 3.875 2 10 200 1
0.26163 1 1.875 2 10 200 1
0.263064 2 1.875 2 10 200 1
0.262325 1 1.875 2 10 200 1
0.260742 1 3.875 2 10 200 1
0.26332 1 3.875 2 10 200 1
0.261514 1 1.875 2 10 200 1
0.262144 1 3.875 2 10 200 1
0.263019 2 1.875 2 10 200 1
0.26504 1 3.875 2 10 200 1
0.265357 0 3.875 2 10 200 1
0.26439 1 1.875 2 10 200 1
0.261692 1 1.875 2 10 200 1
0.264621 1 1.875 2 10 200 1
0.262466 1 1.875 2 10 200 1
0.265405 2 1.875 2 10 200 1
0.261645 1 3.875 2 10 200 1
