5.00941 2 21 0 10 1000 2
4.86269 2 22 0 10 1000 2
4.86049 1 21 0 10 1000 2
4.92815 3 24 0 10 1000 2
4.9355 3 22 0 10 1000 2
4.83072 2 23 0 10 1000 2
4.98447 2 23 0 10 1000 2
4.84781 0 21 0 10 1000 2
4.96932 3 21 0 10 1000 2
4.88155 1 23 0 10 1000 2
4.91872 1 21 0 10 1000 2
4.85541 1 24 0 10 1000 2
4.82156 1 21 0 10 1000 2
4.92004 0 21 0 10 1000 2
4.92751 1 21 0 10 1000 2
4.87545 3 24 0 10 1000 2
4.85367 3 21 0 10 1000 2
4.84023 3 23 0 10 1000 2
4.7894 3 23 0 10 1000 2
4.92266 1 23 0 10 1000 2
5.09772 2 22 0 10 1000 2
4.8955 3 20 0 10 1000 2
4.94264 3 23 0 10 1000 2
4.85719 3 24 0 10 1000 2
5.00478 2 21 0 10 1000 2
4.7331 3 21 0 10 1000 2
4.72448 2 21 0 10 1000 2
4.98473 0 24 0 10 1000 2
4.87281 3 23 0 10 1000 2
5.07869 0 20 0 10 1000 2
4.84974 2 23 0 10 1000 2
5.18513 2 22 0 10 1000 2
5.44814 3 23 0 10 1000 2
5.44742 1 21 0 10 1000 2
5.1492 3 23 0 10 1000 2
5.00149 2 21 0 10 1000 2
5.06386 4 21 0 10 1000 2
5.0303 2 23 0 10 1000 2
4.94981 2 21 0 10 1000 2
5.02816 2 23 0 10 1000 2
4.82016 3 22 0 10 1000 2
4.98966 2 22 0 10 1000 2
5.16441 3 22 0 10 1000 2
4.99491 1 22 0 10 1000 2
5.22269 2 24 0 10 1000 2
5.05485 3 22 0 10 1000 2
5.12927 0 24 0 10 1000 2
4.96632 4 22 0 10 1000 2
5.07939 1 22 0 10 1000 2
4.92458 1 22 0 10 1000 2
