4.91629 0 21 0 10 1000 1
4.98135 0 23 0 10 1000 1
4.86956 1 22 0 10 1000 1
4.84392 0 20 0 10 1000 1
4.8223 1 23 0 10 1000 1
4.97871 1 22 0 10 1000 1
4.95539 2 22 0 10 1000 1
5.04506 1 21 0 10 1000 1
4.93467 1 23 0 10 1000 1
4.89484 1 21 0 10 1000 1
4.82471 1 23 0 10 1000 1
4.82662 1 22 0 10 1000 1
4.84867 1 21 0 10 1000 1
4.81627 1 20 0 10 1000 1
4.82285 1 22 0 10 1000 1
4.82366 1 21 0 10 1000 1
4.88039 0 23 0 10 1000 1
5.20433 1 22 0 10 1000 1
5.00349 2 20 0 10 1000 1
4.74436 1 22 0 10 1000 1
4.83025 1 23 0 10 1000 1
4.80206 0 21 0 10 1000 1
4.78008 1 20 0 10 1000 1
4.79644 1 23 0 10 1000 1
4.83628 3 21 0 10 1000 1
4.90137 1 21 0 10 1000 1
4.78852 0 20 0 10 1000 1
4.84691 1 23 0 10 1000 1
4.79188 0 22 0 10 1000 1
4.79596 1 21 0 10 1000 1
4.79029 1 20 0 10 1000 1
4.94747 0 23 0 10 1000 1
5.04725 1 20 0 10 1000 1
4.89785 0 20 0 10 1000 1
4.7893 0 22 0 10 1000 1
4.89072 1 21 0 10 1000 1
4.78945 1 22 0 10 1000 1
4.84395 0 23 0 10 1000 1
5.02648 1 24 0 10 1000 1
5.2385 1 23 0 10 1000 1
5.11363 1 21 0 10 1000 1
5.1968 1 21 0 10 1000 1
4.80348 0 22 0 10 1000 1
4.95708 0 20 0 10 1000 1
4.90643 1 21 0 10 1000 1
4.80216 1 21 0 10 1000 1
4.81892 1 22 0 10 1000 1
4.79162 1 22 0 10 1000 1
4.79943 1 21 0 10 1000 1
4.89741 1 20 0 10 1000 1
