0.333107 1 4.8 1 10 200 3
0.317767 0 14.8 1 10 200 3
0.314037 2 4.8 1 10 200 3
0.310228 2 4.8 1 10 200 3
0.326101 2 8.4 1 10 200 3
0.313034 1 9.6 1 10 200 3
0.309752 3 4.8 1 10 200 3
0.324787 2 5.6 1 10 200 3
0.316398 1 8.8 1 10 200 3
0.332246 1 4.8 1 10 200 3
0.309039 3 4.8 1 10 200 3
0.312333 1 6.8 1 10 200 3
0.327506 1 4.8 1 10 200 3
0.326991 2 5.6 1 10 200 3
0.323062 1 4.8 1 10 200 3
0.330629 2 6.8 1 10 200 3
0.307776 2 6 1 10 200 3
0.312319 2 6.8 1 10 200 3
0.309689 1 5.6 1 10 200 3
0.311707 2 7.6 1 10 200 3
0.304073 3 4.8 1 10 200 3
0.307724 2 6 1 10 200 3
0.306765 2 6.4 1 10 200 3
0.305508 2 4.8 1 10 200 3
0.306107 1 5.6 1 10 200 3
0.311265 2 4.8 1 10 200 3
0.310039 2 4.8 1 10 200 3
0.305219 1 6.8 1 10 200 3
0.308444 1 6.8 1 10 200 3
0.307492 2 7.6 1 10 200 3
0.305116 2 7.6 1 10 200 3
0.305643 2 5.6 1 10 200 3
0.311237 3 4.8 1 10 200 3
0.309465 1 6.8 1 10 200 3
0.306501 1 9.6 1 10 200 3
0.306333 3 8.8 1 10 200 3
0.303762 2 4.8 1 10 200 3
0.306095 3 6.8 1 10 200 3
0.309191 2 6 1 10 200 3
0.306928 2 6.4 1 10 200 3
0.305257 2 6.8 1 10 200 3
0.30508 2 7.6 1 10 200 3
0.304929 2 4.8 1 10 200 3
0.305473 3 5.6 1 10 200 3
0.30591 1 6.8 1 10 200 3
0.306128 3 6.8 1 10 200 3
0.305729 3 5.6 1 10 200 3
0.307653 2 4.8 1 10 200 3
0.316009 2 4.8 1 10 200 3
0.303013 2 10.8 1 10 200 3
