1.54783 1 4.4 2 50 200 3
1.53841 1 8.4 2 50 200 3
1.52215 1 8.4 2 50 200 3
1.51317 1 6.4 2 50 200 3
1.52477 1 8.4 2 50 200 3
1.52116 1 4.4 2 50 200 3
1.52563 1 2.4 2 50 200 3
1.51787 1 4.4 2 50 200 3
1.52673 1 4.4 2 50 200 3
1.52378 1 4.4 2 50 200 3
1.51595 1 4.4 2 50 200 3
1.51604 1 6.4 2 50 200 3
1.53331 1 4.4 2 50 200 3
1.52314 2 2.4 2 50 200 3
1.5389 1 4.4 2 50 200 3
1.53094 1 4.4 2 50 200 3
1.52015 2 4.4 2 50 200 3
1.52579 1 6.4 2 50 200 3
1.51915 2 2.4 2 50 200 3
1.54147 1 2.4 2 50 200 3
1.54604 1 6.4 2 50 200 3
1.53046 0 4.4 2 50 200 3
1.56955 0 8.4 2 50 200 3
1.60846 1 6.4 2 50 200 3
1.56865 1 4.4 2 50 200 3
1.53494 1 4.4 2 50 200 3
1.52297 1 4.4 2 50 200 3
1.53587 1 4.4 2 50 200 3
1.55588 1 4.4 2 50 200 3
1.53652 0 6.4 2 50 200 3
1.54297 1 16.4 2 50 200 3
1.53465 1 16.4 2 50 200 3
1.54136 1 4.4 2 50 200 3
1.53264 0 16.4 2 50 200 3
1.53523 1 10.4 2 50 200 3
1.60427 0 4.4 2 50 200 3
1.68211 1 4.4 2 50 200 3
1.62504 1 8.4 2 50 200 3
1.66934 2 2.4 2 50 200 3
1.65335 1 14.4 2 50 200 3
1.53882 1 4.4 2 50 200 3
1.55672 1 6.4 2 50 200 3
1.7423 0 26.4 2 50 200 3
1.67918 1 4.4 2 50 200 3
1.66954 1 4.4 2 50 200 3
1.66065 0 8.4 2 50 200 3
1.57692 1 4.4 2 50 200 3
1.59857 1 6.4 2 50 200 3
1.61953 1 10.4 2 50 200 3
1.76331 1 4.4 2 50 200 3
