0.333078 1 16 0 10 200 3
0.316305 1 16 0 10 200 3
0.30514 1 17 0 10 200 3
0.303622 3 15 0 10 200 3
0.302728 2 15 0 10 200 3
0.331777 1 15 0 10 200 3
0.326569 2 15 0 10 200 3
0.318444 2 15 0 10 200 3
0.312791 2 16 0 10 200 3
0.305777 2 15 0 10 200 3
0.311648 3 16 0 10 200 3
0.320403 2 15 0 10 200 3
0.319004 1 15 0 10 200 3
0.31237 2 15 0 10 200 3
0.31062 1 15 0 10 200 3
0.312626 2 15 0 10 200 3
0.305997 2 17 0 10 200 3
0.308987 2 15 0 10 200 3
0.317556 2 15 0 10 200 3
0.313471 2 16 0 10 200 3
0.31919 3 17 0 10 200 3
0.310599 2 16 0 10 200 3
0.34502 1 16 0 10 200 3
0.30941 2 17 0 10 200 3
0.302319 1 15 0 10 200 3
0.312939 2 16 0 10 200 3
0.308906 2 17 0 10 200 3
0.305218 1 16 0 10 200 3
0.305993 2 16 0 10 200 3
0.310635 2 16 0 10 200 3
0.306236 3 16 0 10 200 3
0.334033 4 15 0 10 200 3
0.303736 4 17 0 10 200 3
0.302726 2 18 0 10 200 3
0.308178 2 16 0 10 200 3
0.303433 1 16 0 10 200 3
0.303479 3 18 0 10 200 3
0.30192 2 19 0 10 200 3
0.303532 2 16 0 10 200 3
0.306237 3 17 0 10 200 3
0.302348 2 17 0 10 200 3
0.308058 1 16 0 10 200 3
0.308138 4 16 0 10 200 3
0.306563 3 15 0 10 200 3
0.310926 1 16 0 10 200 3
0.31702 1 18 0 10 200 3
0.304829 2 17 0 10 200 3
0.321296 3 16 0 10 200 3
0.308736 1 16 0 10 200 3
0.324392 2 16 0 10 200 3
