1.1078 1 6 1 10 200 1
1.12679 1 6 1 10 200 1
1.16029 1 6 1 10 200 1
1.142 0 8 1 10 200 1
1.11484 1 2 1 10 200 1
1.10672 0 6 1 10 200 1
1.12346 0 8 1 10 200 1
1.14753 0 6 1 10 200 1
1.10791 0 4 1 10 200 1
1.11893 0 8 1 10 200 1
1.11653 1 4 1 10 200 1
1.14581 0 12 1 10 200 1
1.12844 1 4 1 10 200 1
1.12651 1 4 1 10 200 1
1.11731 0 8 1 10 200 1
1.13417 1 2 1 10 200 1
1.11851 1 0 1 10 200 1
1.11786 1 6 1 10 200 1
1.15955 1 4 1 10 200 1
1.12467 0 6 1 10 200 1
1.11084 1 2 1 10 200 1
1.17372 1 2 1 10 200 1
1.16749 1 4 1 10 200 1
1.16677 1 2 1 10 200 1
1.15402 1 0 1 10 200 1
1.13539 0 8 1 10 200 1
1.13114 1 6 1 10 200 1
1.10421 0 4 1 10 200 1
1.15569 1 6 1 10 200 1
1.14194 0 6 1 10 200 1
1.12264 0 6 1 10 200 1
1.15655 1 4 1 10 200 1
1.14188 0 4 1 10 200 1
1.1298 2 4 1 10 200 1
1.1392 1 8 1 10 200 1
1.10397 1 4 1 10 200 1
1.10442 1 4 1 10 200 1
1.09684 1 6 1 10 200 1
1.09764 1 2 1 10 200 1
1.09754 0 4 1 10 200 1
1.11023 0 14 1 10 200 1
1.09642 1 8 1 10 200 1
1.10596 0 6 1 10 200 1
1.10185 0 4 1 10 200 1
1.13793 1 6 1 10 200 1
1.09937 0 6 1 10 200 1
1.10279 1 6 1 10 200 1
1.1057 1 4 1 10 200 1
1.10034 0 6 1 10 200 1
1.13484 1 8 1 10 200 1
