0.005812 0 94.75
0.005962 0 94.75
0.005811 0 94.75
0.006766 0 94.75
0.006034 0 94.75
0.005898 0 104.75
0.005905 0 94.75
0.007949 0 94.75
0.006038 0 94.75
0.005899 0 94.75
0.005771 0 94.75
0.005988 0 94.75
0.005837 0 104.75
0.005919 0 94.75
0.005909 0 104.75
0.005975 0 94.75
0.005775 0 94.75
0.006023 0 94.75
0.005999 0 94.75
0.005862 0 94.75
0.005932 0 94.75
0.006087 0 94.75
0.006106 0 94.75
0.005806 0 94.75
0.005911 0 94.75
0.005911 0 94.75
0.005843 0 94.75
0.005791 0 94.75
0.005822 0 94.75
0.006008 0 94.75
0.005954 0 94.75
0.006088 0 94.75
0.005935 0 94.75
0.005979 0 104.75
0.005825 0 94.75
0.005924 0 94.75
0.00601 1 70.75
0.005822 0 94.75
0.005815 0 94.75
0.005909 0 94.75
0.005934 0 94.75
0.005895 0 94.75
0.005947 0 94.75
0.005868 0 94.75
0.005958 0 94.75
0.005941 0 94.75
0.005874 0 94.75
0.005906 0 104.75
0.005797 0 94.75
0.005947 0 94.75
0.00594 0 104.75
0.005878 0 94.75
0.00586 0 94.75
0.005839 0 94.75
0.005904 0 94.75
0.005863 0 94.75
0.005871 0 94.75
0.005926 0 94.75
0.005919 0 94.75
0.006069 0 94.75
0.005868 0 94.75
0.005854 0 94.75
0.005851 0 94.75
0.005995 0 94.75
0.005908 0 94.75
0.005955 0 94.75
0.005749 0 94.75
0.005995 0 94.75
0.005798 0 94.75
0.005843 0 94.75
0.005945 0 94.75
0.005837 0 94.75
0.00594 0 94.75
0.005955 0 94.75
0.0059 0 94.75
0.005969 0 94.75
0.005812 0 94.75
0.005907 0 94.75
0.007177 0 94.75
0.005859 0 94.75
0.005926 0 94.75
0.005961 0 94.75
0.005776 0 94.75
0.005716 0 94.75
0.005765 0 94.75
0.00579 0 94.75
0.005817 0 94.75
0.005894 0 94.75
0.005756 0 94.75
0.005707 0 94.75
0.005691 0 94.75
0.005942 0 94.75
0.005939 0 94.75
0.005714 0 94.75
0.0057 0 94.75
0.00594 0 94.75
0.005817 0 94.75
0.00586 0 94.75
0.005688 0 94.75
