11.9173 0 3.75
11.9474 0 3.75
12.0416 0 3.75
11.9435 0 3.75
12.1209 0 3.75
12.0096 0 3.75
11.9784 0 3.75
12.7864 1 3.75
11.8473 0 3.75
11.5454 0 3.75
12.7199 0 3.75
15.2805 0 3.75
14.6202 0 3.75
12.948 0 3.75
12.2326 0 3.75
12.6877 0 3.75
12.3217 0 3.75
11.4119 0 3.75
11.4658 0 3.75
11.6649 0 3.75
11.7642 0 3.75
11.524 0 3.75
11.4879 0 3.75
11.543 0 3.75
11.4581 0 3.75
11.5082 0 3.75
11.5279 0 3.75
11.8461 0 5
11.5337 0 3.75
11.4915 0 3.75
11.3061 0 3.75
11.5729 0 3.75
11.3265 0 3.75
11.4036 1 3.75
11.4212 1 3.75
11.4661 0 3.75
11.3812 0 3.75
11.3933 0 3.75
11.5053 0 3.75
11.4348 0 3.75
11.4713 0 3.75
11.9292 0 3.75
11.4516 0 6.25
11.3214 0 5
11.234 0 5
11.4966 0 3.75
12.0576 0 3.75
11.1379 0 3.75
11.1949 0 3.75
11.6172 0 3.75
11.9945 0 3.75
11.3278 1 3.75
11.1475 0 6.25
11.3262 0 3.75
11.362 0 3.75
11.1861 0 3.75
10.9464 0 5
11.0022 1 3.75
10.9384 0 3.75
11.0136 0 5
10.9888 0 3.75
11.0558 0 3.75
10.9884 0 6.25
10.9867 0 3.75
11.0319 0 3.75
11.066 0 5
11.0534 0 5
11.0166 0 3.75
10.9781 0 3.75
11.0013 0 5
11.18 0 3.75
11.3906 0 5
11.7146 0 5
11.862 0 3.75
12.2164 0 3.75
11.3939 0 5
11.3138 0 5
11.2508 0 5
11.4965 0 3.75
11.2085 0 3.75
11.2143 0 3.75
11.1603 0 5
11.1874 0 5
11.185 0 5
11.274 0 5
11.3102 0 3.75
11.4223 0 3.75
11.5075 0 5
11.241 0 5
11.4306 0 5
11.1892 0 6.25
11.2493 0 3.75
11.4314 0 5
11.1946 0 3.75
11.2264 0 3.75
11.401 0 3.75
12.1898 0 3.75
11.5692 0 3.75
11.4531 1 3.75
