0.001057 0 20
0.001128 0 20
0.001019 0 20
0.001033 0 20
0.001017 0 20
0.001017 0 20
0.001031 0 20
0.001019 0 20
0.001011 0 20
0.00103 0 20
0.001014 0 20
0.001033 0 20
0.00104 0 20
0.001028 0 20
0.001082 0 20
0.001045 0 20
0.001624 0 20
0.00135 0 20
0.001124 0 20
0.001023 0 20
0.001031 0 20
0.001016 0 20
0.001029 0 20
0.001018 0 20
0.001045 0 20
0.001026 0 20
0.001019 0 20
0.001014 0 20
0.001013 0 20
0.0011 0 20
0.001015 0 20
0.001034 0 20
0.001018 1 20
0.001139 0 20
0.001048 0 20
0.001012 0 20
0.001021 0 20
0.001017 0 20
0.001079 0 20
0.001022 0 20
0.001122 0 20
0.001017 0 20
0.001019 0 20
0.001049 0 20
0.001018 0 20
0.001027 0 20
0.001025 0 20
0.001033 0 20
0.001017 0 20
0.001014 0 20
0.001033 0 20
0.001036 0 20
0.001017 0 20
0.00104 0 20
0.001045 0 20
0.001025 0 20
0.001013 0 20
0.001137 0 20
0.001038 0 20
0.001035 1 20
0.001026 0 20
0.001024 0 20
0.001027 0 20
0.001029 0 20
0.001011 0 20
0.00103 0 20
0.001027 0 20
0.001045 0 20
0.001014 0 20
0.001032 0 20
0.001151 0 20
0.001018 0 20
0.001014 0 20
0.001018 0 20
0.001027 0 20
0.001027 0 20
0.001018 1 20
0.001013 0 20
0.001014 0 20
0.001013 0 20
0.001015 0 20
0.001116 0 20
0.001042 0 20
0.00102 0 20
0.001063 0 20
0.001014 0 20
0.00101 0 20
0.001077 0 20
0.001101 0 20
0.001018 0 20
0.001019 0 20
0.001094 0 20
0.001071 0 20
0.001013 0 20
0.001017 0 20
0.001078 0 20
0.001017 0 20
0.001028 0 20
0.001015 0 20
