0.057154 0 17
0.057774 0 17
0.056952 0 17
0.056198 0 17
0.055803 0 17
0.055315 0 17
0.056574 0 17
0.055016 0 17
0.055751 0 17
0.055708 0 17
0.056853 0 17
0.05506 0 17
0.05587 0 17
0.055315 0 17
0.058485 0 17
0.058343 0 17
0.056229 0 17
0.056241 0 17
0.056083 0 17
0.055128 0 17
0.055497 0 17
0.055006 0 17
0.056576 0 17
0.056111 0 17
0.055864 0 17
0.054975 0 17
0.056108 0 17
0.055215 0 17
0.059691 0 17
0.055711 0 17
0.05985 0 17
0.056059 0 17
0.055836 0 17
0.055392 0 17
0.057677 0 17
0.055806 0 17
0.056955 0 17
0.058916 0 17
0.056303 0 17
0.055001 0 17
0.059616 0 17
0.05527 0 17
0.056029 0 17
0.055113 0 17
0.05841 0 17
0.054985 0 17
0.056543 0 17
0.055561 0 17
0.056178 0 17
0.055164 0 17
0.056149 0 17
0.059162 0 17
0.056482 0 17
0.054968 0 17
0.056719 0 17
0.056174 0 17
0.05676 0 17
0.054762 0 17
0.056561 0 17
0.055181 0 17
0.056141 0 17
0.054819 0 17
0.056206 0 17
0.054676 0 17
0.055766 0 17
0.056192 0 17
0.056209 0 17
0.055241 0 17
0.055832 0 17
0.055457 0 17
0.057361 0 17
0.058141 0 17
0.056259 0 17
0.055093 0 17
0.056165 0 17
0.056823 0 17
0.059533 0 17
0.05827 0 17
0.057981 0 17
0.055742 0 17
0.057383 0 17
0.058575 0 17
0.05718 0 17
0.055794 0 17
0.056526 0 17
0.056174 0 17
0.056663 0 17
0.055259 0 17
0.055586 0 17
0.054854 0 17
0.057825 0 17
0.055018 0 17
0.056092 0 17
0.054556 0 17
0.056353 0 17
0.055451 0 17
0.056828 0 17
0.056001 0 17
0.056693 0 17
