0.188787 0 20
0.185548 0 20
0.196933 0 20
0.18461 0 20
0.182552 0 20
0.186058 0 20
0.189072 0 20
0.185018 0 20
0.1836 0 20
0.180966 0 20
0.182608 0 20
0.187078 0 20
0.181516 0 20
0.183645 0 20
0.182692 0 20
0.18252 0 20
0.185096 0 20
0.185436 0 20
0.18549 0 20
0.182677 0 20
0.18144 0 20
0.182416 0 20
0.182159 0 20
0.185598 0 20
0.18458 0 20
0.1846 0 20
0.181775 0 20
0.190007 0 20
0.184776 0 20
0.180664 0 20
0.183971 0 20
0.188037 0 20
0.183217 0 20
0.181603 0 20
0.181315 0 20
0.180152 0 20
0.184092 0 20
0.183497 0 20
0.181875 0 20
0.18113 0 20
0.182331 0 20
0.183979 0 20
0.180929 0 20
0.181923 0 20
0.181878 0 20
0.184335 0 20
0.180925 0 20
0.185012 0 20
0.192355 0 20
0.181563 0 20
0.180273 0 20
0.180878 0 20
0.181453 0 20
0.188865 0 20
0.188759 0 20
0.180644 0 20
0.180355 0 20
0.180819 0 20
0.183044 0 20
0.188629 0 20
0.188955 0 20
0.187981 0 20
0.180787 0 20
0.180467 0 20
0.180776 0 20
0.181134 0 20
0.184303 0 20
0.181128 0 20
0.180765 0 20
0.183877 0 20
0.185029 0 20
0.185882 0 20
0.187375 0 20
0.180136 0 20
0.185184 0 20
0.181177 0 20
0.18151 0 20
0.180793 0 20
0.179603 0 20
0.183889 0 20
0.184003 0 20
0.187221 0 20
0.182002 0 20
0.186955 0 20
0.181519 0 20
0.182652 0 20
0.183221 0 20
0.183066 0 20
0.182154 0 20
0.180407 0 20
0.186056 0 20
0.18394 0 20
0.183666 0 20
0.181462 0 20
0.182296 0 20
0.180978 0 20
0.180258 0 20
0.18105 0 20
0.180995 0 20
