0.011799 0 94.75
0.011743 0 94.75
0.011838 0 94.75
0.011569 0 94.75
0.013128 0 94.75
0.012305 0 94.75
0.011801 0 94.75
0.011859 0 94.75
0.011763 0 94.75
0.012106 0 94.75
0.011702 0 94.75
0.011768 0 94.75
0.011948 0 94.75
0.011703 0 94.75
0.011723 0 94.75
0.011888 0 94.75
0.01184 0 94.75
0.012039 0 94.75
0.011771 0 94.75
0.012092 0 94.75
0.012149 0 94.75
0.011887 0 94.75
0.011612 0 94.75
0.011813 0 94.75
0.011872 0 94.75
0.011956 0 94.75
0.011739 0 94.75
0.011885 0 94.75
0.012089 0 94.75
0.011805 0 94.75
0.011802 0 94.75
0.012017 0 94.75
0.011895 0 94.75
0.011677 0 94.75
0.011674 0 94.75
0.01162 0 94.75
0.011983 0 94.75
0.012093 0 94.75
0.011908 0 94.75
0.012053 0 94.75
0.012146 0 94.75
0.012037 0 94.75
0.011973 0 94.75
0.012265 0 94.75
0.012202 0 94.75
0.012052 0 94.75
0.012063 0 94.75
0.012028 0 94.75
0.01212 0 94.75
0.012032 0 94.75
0.011784 0 94.75
0.011716 0 94.75
0.011915 0 94.75
0.011882 0 94.75
0.011666 0 94.75
0.011959 0 94.75
0.011899 0 94.75
0.011872 0 94.75
0.011676 0 94.75
0.011701 0 94.75
0.01233 0 94.75
0.011863 0 94.75
0.011535 0 94.75
0.012031 0 94.75
0.011633 0 94.75
0.011718 0 94.75
0.01158 0 94.75
0.011647 0 94.75
0.012024 0 94.75
0.011793 0 94.75
0.012015 0 94.75
0.012163 0 94.75
0.011722 0 94.75
0.011955 0 94.75
0.01182 0 94.75
0.011943 0 94.75
0.012239 0 94.75
0.012074 0 94.75
0.012037 0 94.75
0.012118 0 94.75
0.011853 0 94.75
0.011768 0 94.75
0.01163 0 94.75
0.01164 0 94.75
0.011872 0 94.75
0.011912 0 94.75
0.011976 0 94.75
0.011582 0 94.75
0.011581 0 94.75
0.011662 0 94.75
0.012026 0 94.75
0.011895 0 94.75
0.012208 0 94.75
0.011875 0 94.75
0.012056 0 94.75
0.012076 0 94.75
0.01198 0 94.75
0.01186 0 94.75
0.011968 0 94.75
