0.048495 0 20
0.046538 0 20
0.046825 0 20
0.046338 0 20
0.045667 0 20
0.045035 0 20
0.047809 0 20
0.045345 0 20
0.045201 0 20
0.046709 0 20
0.044966 0 20
0.045399 0 20
0.045744 0 20
0.045546 0 20
0.044979 0 20
0.045974 0 20
0.044893 0 20
0.045247 0 20
0.045654 0 20
0.04513 0 20
0.046391 0 20
0.046371 0 20
0.04793 0 20
0.045393 0 20
0.046319 0 20
0.045114 0 20
0.045622 0 20
0.046849 0 20
0.045508 0 20
0.045284 0 20
0.046521 0 20
0.045357 0 20
0.047311 0 20
0.04689 0 20
0.04514 0 20
0.048254 0 20
0.047125 0 20
0.045477 0 20
0.045789 0 20
0.046761 0 20
0.04495 0 20
0.045109 0 20
0.046884 0 20
0.045454 0 20
0.04486 0 20
0.046615 0 20
0.044873 0 20
0.044841 0 20
0.047394 0 20
0.045046 0 20
0.045266 0 20
0.046832 0 20
0.045194 0 20
0.045278 0 20
0.046922 0 20
0.045217 0 20
0.044928 0 20
0.046507 0 20
0.045616 0 20
0.044818 0 20
0.046626 0 20
0.044877 0 20
0.044775 0 20
0.04674 0 20
0.04468 0 20
0.044995 0 20
0.046486 0 20
0.045043 0 20
0.044879 0 20
0.047235 0 20
0.044974 0 20
0.045103 0 20
0.045996 0 20
0.044999 0 20
0.044838 0 20
0.045945 0 20
0.045237 0 20
0.044815 0 20
0.046275 0 20
0.044854 0 20
0.044861 0 20
0.045852 0 20
0.045477 0 20
0.044791 0 20
0.046297 0 20
0.044973 0 20
0.044823 0 20
0.046288 0 20
0.044854 0 20
0.045716 0 20
0.046432 0 20
0.046171 0 20
0.045794 0 20
0.046648 0 20
0.045473 0 20
0.045619 0 20
0.054276 0 20
0.045779 0 20
0.04504 0 20
