0.024844 0 94.75
0.022451 0 94.75
0.022418 0 94.75
0.022887 0 104.75
0.022954 0 94.75
0.022323 0 94.75
0.022268 0 94.75
0.022391 0 104.75
0.023087 0 94.75
0.022905 0 94.75
0.022746 0 94.75
0.022676 0 94.75
0.022984 0 94.75
0.022361 0 94.75
0.023061 0 94.75
0.022845 0 94.75
0.02323 0 94.75
0.022919 0 94.75
0.022928 0 94.75
0.022899 0 94.75
0.022809 0 94.75
0.022876 0 94.75
0.022846 0 94.75
0.022969 0 94.75
0.023262 0 94.75
0.022838 0 94.75
0.023049 0 104.75
0.022539 0 94.75
0.022675 0 94.75
0.023026 0 94.75
0.022779 0 94.75
0.022649 0 94.75
0.023201 0 94.75
0.022954 0 104.75
0.022578 0 94.75
0.023079 0 94.75
0.022893 0 94.75
0.02272 0 94.75
0.022903 0 94.75
0.022929 0 94.75
0.02294 0 94.75
0.022773 0 94.75
0.023273 0 94.75
0.023247 0 94.75
0.026484 0 94.75
0.02526 0 94.75
0.025995 0 94.75
0.031285 0 94.75
0.024838 0 94.75
0.026205 0 94.75
0.022872 0 94.75
0.02307 0 94.75
0.023016 0 94.75
0.022853 0 94.75
0.022805 0 94.75
0.022708 0 94.75
0.02303 0 94.75
0.023038 0 94.75
0.022977 0 94.75
0.024105 0 94.75
0.022881 0 94.75
0.02282 0 94.75
0.022958 0 94.75
0.022345 0 94.75
0.022789 0 94.75
0.022542 0 94.75
0.022921 0 94.75
0.022401 0 94.75
0.022526 0 94.75
0.023283 0 94.75
0.022978 0 94.75
0.022965 0 94.75
0.022237 0 94.75
0.022467 0 94.75
0.022826 0 94.75
0.022518 0 94.75
0.022865 0 94.75
0.022909 0 94.75
0.022725 0 94.75
0.024788 0 94.75
0.022559 0 94.75
0.022794 0 94.75
0.022448 0 94.75
0.022764 0 94.75
0.022373 0 94.75
0.022587 0 94.75
0.022976 0 94.75
0.022635 0 94.75
0.022422 0 94.75
0.022832 0 94.75
0.022449 0 94.75
0.023096 0 94.75
0.022779 0 94.75
0.023153 0 94.75
0.022811 0 104.75
0.022818 0 94.75
0.022832 0 94.75
0.023005 0 94.75
0.022756 0 94.75
