0.012131 0 17
0.012028 0 17
0.011933 0 17
0.012109 0 17
0.011947 0 17
0.012932 0 17
0.011873 0 17
0.012839 0 17
0.012338 0 17
0.012269 0 17
0.012072 0 17
0.011744 0 17
0.011901 0 17
0.011864 0 17
0.011826 0 17
0.011358 0 17
0.012232 0 17
0.011614 0 17
0.011347 0 17
0.011528 0 17
0.011433 0 17
0.011668 0 17
0.011336 0 17
0.011445 0 17
0.012521 0 17
0.011741 0 17
0.011507 0 17
0.011446 0 17
0.011277 0 17
0.011741 0 17
0.011534 0 17
0.01194 0 17
0.01218 0 17
0.01209 0 17
0.011287 0 17
0.011628 0 17
0.011702 0 17
0.012069 0 17
0.011346 0 17
0.011692 0 17
0.012218 0 17
0.011699 0 17
0.011434 0 17
0.011581 0 17
0.011667 0 17
0.011584 0 17
0.011472 0 17
0.011663 0 17
0.012245 0 17
0.011954 0 17
0.011985 0 17
0.011786 0 17
0.011771 0 17
0.011743 0 17
0.011952 0 17
0.011911 0 17
0.01232 0 17
0.011491 0 17
0.011533 0 17
0.01169 0 17
0.011924 0 17
0.011313 0 17
0.011362 0 17
0.01135 0 17
0.011796 0 17
0.011718 0 17
0.011647 0 17
0.011516 0 17
0.01203 0 17
0.01146 0 17
0.011446 0 17
0.011568 0 17
0.011967 0 17
0.011841 0 17
0.011585 0 17
0.0118 0 17
0.011903 0 17
0.011264 0 17
0.011572 0 17
0.011482 0 17
0.01273 0 17
0.01142 0 17
0.011487 0 17
0.011326 0 17
0.014874 0 17
0.011699 0 17
0.011844 0 17
0.011769 0 17
0.012331 0 17
0.011713 0 17
0.011552 0 17
0.011766 0 17
0.011505 0 17
0.011652 0 17
0.011583 0 17
0.011625 0 17
0.012232 0 17
0.011543 0 17
0.011828 0 17
