0.005819 0 17
0.006884 0 17
0.005845 0 17
0.009127 0 17
0.005738 0 17
0.006063 0 17
0.005681 0 17
0.005925 0 17
0.006646 0 17
0.006118 0 17
0.00588 0 17
0.005911 0 17
0.005648 0 17
0.005715 0 17
0.005755 0 17
0.005935 0 17
0.005835 0 17
0.005757 0 17
0.006543 0 17
0.005872 0 17
0.005743 0 17
0.006638 0 17
0.005758 0 17
0.005705 0 17
0.005705 0 17
0.005623 0 17
0.006651 0 17
0.008039 0 17
0.007311 0 17
0.005748 0 17
0.005728 0 17
0.007614 0 17
0.00574 0 17
0.005731 0 17
0.007096 0 17
0.005722 0 17
0.005734 0 17
0.00765 0 17
0.005666 0 17
0.005866 0 17
0.006828 0 17
0.00596 0 17
0.00586 0 17
0.00592 0 17
0.0069 0 17
0.005697 0 17
0.00568 0 17
0.007579 0 17
0.00571 0 17
0.005801 0 17
0.007704 0 17
0.005799 0 17
0.005612 0 17
0.007531 0 17
0.00624 0 17
0.005869 0 17
0.008739 0 17
0.005737 0 17
0.005703 0 17
0.007095 0 17
0.005639 0 17
0.005691 0 17
0.006543 0 17
0.005735 0 17
0.005906 0 17
0.005666 0 17
0.006446 0 17
0.005672 0 17
0.005694 0 17
0.006283 0 17
0.005681 0 17
0.005432 0 17
0.006043 0 17
0.005884 0 17
0.005662 0 17
0.005851 0 17
0.006672 0 17
0.00602 0 17
0.005651 0 17
0.006619 0 17
0.005733 0 17
0.005768 0 17
0.006648 0 17
0.006179 0 17
0.005529 0 17
0.005514 0 17
0.006231 0 17
0.00555 0 17
0.005576 0 17
0.00578 0 17
0.005546 0 17
0.0058 0 17
0.00574 0 17
0.005969 0 17
0.005641 0 17
0.005794 0 17
0.005933 0 17
0.005801 0 17
0.005615 0 17
