0.12165 0 94.75
0.117942 0 94.75
0.115226 0 94.75
0.115713 0 94.75
0.120954 0 94.75
0.1139 0 94.75
0.112309 0 94.75
0.114711 0 94.75
0.117213 0 94.75
0.123485 0 94.75
0.119604 0 94.75
0.12365 0 94.75
0.12049 0 94.75
0.120573 0 94.75
0.120773 0 94.75
0.120774 0 94.75
0.123539 0 94.75
0.118864 0 94.75
0.118964 0 94.75
0.124621 0 94.75
0.119955 0 94.75
0.120807 0 94.75
0.118988 0 94.75
0.122196 0 94.75
0.122358 0 94.75
0.119376 0 94.75
0.125721 0 94.75
0.122445 0 94.75
0.115085 0 94.75
0.114949 0 94.75
0.122035 0 94.75
0.11448 0 94.75
0.115871 0 94.75
0.116692 0 94.75
0.118488 0 94.75
0.118845 0 94.75
0.125646 0 94.75
0.117792 0 94.75
0.118013 0 94.75
0.11855 0 94.75
0.117791 0 94.75
0.121337 0 94.75
0.119893 0 94.75
0.11977 0 94.75
0.122493 0 94.75
0.117548 0 94.75
0.11838 0 94.75
0.115558 0 94.75
0.115573 0 94.75
0.115777 0 94.75
0.117274 0 94.75
0.119806 0 94.75
0.120165 0 94.75
0.113235 0 94.75
0.115779 0 94.75
0.116435 0 94.75
0.123767 0 94.75
0.118026 0 94.75
0.12824 0 94.75
0.132905 0 94.75
0.128039 0 94.75
0.118715 0 94.75
0.116623 0 94.75
0.115456 0 94.75
0.113536 0 94.75
0.116759 0 94.75
0.114603 0 94.75
0.117781 0 94.75
0.11883 0 94.75
0.11761 0 94.75
0.115739 0 94.75
0.11882 0 94.75
0.116591 0 94.75
0.117095 0 94.75
0.117404 0 94.75
0.113117 0 94.75
0.112929 0 94.75
0.112455 0 94.75
0.112524 0 94.75
0.115652 0 94.75
0.116628 0 94.75
0.113407 0 94.75
0.112458 0 94.75
0.115119 0 94.75
0.11545 0 94.75
0.11287 0 94.75
0.1121 0 94.75
0.11201 0 94.75
0.113236 0 94.75
0.112299 0 94.75
0.114016 0 94.75
0.113309 0 94.75
0.1122 0 94.75
0.11471 0 94.75
0.117321 0 94.75
0.117196 0 94.75
0.118725 0 94.75
0.113375 0 94.75
0.11282 0 94.75
