0.04524 0 20
0.048566 0 20
0.047742 0 20
0.046975 0 20
0.046741 0 20
0.045754 0 20
0.046214 0 20
0.046188 0 20
0.046674 0 20
0.045677 0 20
0.046429 0 20
0.051356 0 20
0.045652 0 20
0.046189 0 20
0.044879 0 20
0.049488 0 20
0.045615 0 20
0.046377 0 20
0.04693 0 20
0.052075 0 20
0.045631 0 20
0.046088 0 20
0.04487 0 20
0.0466 0 20
0.045059 0 20
0.04598 0 20
0.046409 0 20
0.04684 0 20
0.045322 0 20
0.046193 0 20
0.045877 0 20
0.04948 0 20
0.045953 0 20
0.045268 0 20
0.046277 0 20
0.045307 0 20
0.044889 0 20
0.048051 0 20
0.045149 0 20
0.045022 0 20
0.047469 0 20
0.04499 0 20
0.045594 0 20
0.045957 0 20
0.049915 0 20
0.045046 0 20
0.04921 0 20
0.045537 0 20
0.048691 0 20
0.046312 0 20
0.045413 0 20
0.045352 0 20
0.046968 0 20
0.045587 0 20
0.046127 0 20
0.046358 0 20
0.045119 0 20
0.045183 0 20
0.046212 0 20
0.045422 0 20
0.044986 0 20
0.046019 0 20
0.045307 0 20
0.046179 0 20
0.046382 0 20
0.045835 0 20
0.045587 0 20
0.046649 0 20
0.045664 0 20
0.045241 0 20
0.04574 0 20
0.044895 0 20
0.045529 0 20
0.049548 0 20
0.049726 0 20
0.045634 0 20
0.047092 0 20
0.046554 0 20
0.045884 0 20
0.046995 0 20
0.045698 0 20
0.045682 0 20
0.050168 0 20
0.045497 0 20
0.045371 0 20
0.046265 0 20
0.045105 0 20
0.045164 0 20
0.04747 0 20
0.045374 0 20
0.04558 0 20
0.046656 0 20
0.045218 0 20
0.045796 0 20
0.046392 0 20
0.045192 0 20
0.04501 0 20
0.046361 0 20
0.04541 0 20
