1.38986 0 5
1.37593 1 3.75
1.42523 0 5
1.39682 0 7
1.37806 0 5
1.39621 0 5
1.43642 0 3.75
1.42531 0 3.75
1.39901 0 5
1.38126 1 3.75
1.43064 1 3.75
1.42718 0 11
1.41714 0 5
1.38418 0 3.75
1.38795 0 5
1.40249 0 5
1.38743 0 3.75
1.4053 0 5
1.40189 0 5
1.37711 1 3.75
1.3907 0 8.25
1.39358 0 3.75
1.40012 0 6.25
1.37452 0 5
1.38112 0 6.25
1.37622 0 3.75
1.43052 0 6.25
1.39756 0 5
1.42902 0 3.75
1.43039 0 5
1.41118 0 5
1.4118 0 5
1.39049 1 3.75
1.39295 0 5
1.39662 0 3.75
1.39006 0 5
1.39603 0 3.75
1.41789 0 3.75
1.40423 0 5
1.39602 0 3.75
1.45333 0 5
1.40356 1 5
1.4067 0 3.75
1.39831 0 5
1.39587 0 3.75
1.4206 0 5
1.42696 0 5
1.39969 0 5
1.42973 0 5
1.41254 0 6.25
1.37833 0 3.75
1.43257 0 5
1.39301 0 5
1.38279 0 5
1.41678 0 6.25
1.38955 0 3.75
1.41366 0 3.75
1.39965 0 11.75
1.41052 1 3.75
1.38669 0 5
1.38563 0 6.25
1.38059 0 6.25
1.38591 0 3.75
1.37188 0 5
1.36708 0 3.75
1.40354 0 3.75
1.38344 0 5.75
1.39918 0 5
1.38392 0 15
1.38824 0 3.75
1.39572 0 6.25
1.38032 0 6.25
1.40108 0 5
1.40874 0 6.25
1.40268 0 7.5
1.39396 0 5
1.39696 0 7
1.3888 0 3.75
1.39124 0 6.25
1.42177 1 3.75
1.39223 0 3.75
1.37812 0 5.75
1.38312 0 3.75
1.42374 1 3.75
1.39974 0 5
1.38136 0 9
1.39432 0 5
1.38684 0 5
1.37574 0 7
1.40037 0 10.25
1.38601 0 3.75
1.38139 0 3.75
1.39916 0 5
1.37611 0 9.5
1.4029 0 3.75
1.39764 0 5
1.39471 0 3.75
1.39633 0 5
1.3953 1 3.75
