0.011819 0 94.75
0.012838 0 94.75
0.011751 0 94.75
0.011999 0 94.75
0.011936 0 94.75
0.011759 0 94.75
0.011761 0 94.75
0.011996 0 94.75
0.011652 0 94.75
0.011987 0 94.75
0.011978 0 94.75
0.012089 0 94.75
0.011571 0 94.75
0.011814 0 94.75
0.011615 0 94.75
0.01209 0 94.75
0.01235 0 94.75
0.012247 0 94.75
0.012204 0 94.75
0.011628 0 94.75
0.011999 0 94.75
0.011675 0 94.75
0.011696 0 94.75
0.011731 0 94.75
0.011665 0 94.75
0.011869 0 94.75
0.012107 0 94.75
0.01161 0 94.75
0.011707 0 94.75
0.011768 0 94.75
0.011745 0 94.75
0.011569 0 94.75
0.011869 0 94.75
0.012206 0 94.75
0.015279 0 94.75
0.012125 0 94.75
0.012292 0 94.75
0.011995 0 94.75
0.011918 0 94.75
0.012055 0 94.75
0.012197 0 94.75
0.012344 0 94.75
0.011865 0 94.75
0.012081 0 94.75
0.011883 0 94.75
0.011736 0 94.75
0.01173 0 94.75
0.011832 0 94.75
0.011788 0 94.75
0.012212 0 94.75
0.011891 0 94.75
0.011869 0 94.75
0.01186 0 94.75
0.011844 0 94.75
0.011694 0 94.75
0.014955 0 94.75
0.014742 0 94.75
0.012133 0 94.75
0.012101 0 94.75
0.011788 0 94.75
0.011697 0 94.75
0.011795 0 94.75
0.011945 0 94.75
0.012094 0 94.75
0.012147 0 94.75
0.012237 0 94.75
0.012014 0 94.75
0.01206 0 94.75
0.011909 0 94.75
0.011979 0 94.75
0.012555 0 94.75
0.012655 0 94.75
0.011719 0 94.75
0.01183 0 94.75
0.011841 0 94.75
0.01183 0 94.75
0.011621 0 94.75
0.011718 0 94.75
0.011628 0 94.75
0.012159 0 94.75
0.011732 0 94.75
0.012695 0 94.75
0.012109 0 94.75
0.011861 0 94.75
0.011763 0 94.75
0.011874 0 94.75
0.011537 0 94.75
0.012158 0 94.75
0.012577 0 94.75
0.01203 0 94.75
0.011622 0 94.75
0.012094 0 94.75
0.011603 0 94.75
0.011809 0 94.75
0.011811 0 94.75
0.011817 0 94.75
0.011507 0 94.75
0.012024 0 94.75
0.012114 0 94.75
