0.010015 0 20
0.009697 0 20
0.009731 0 20
0.009666 0 20
0.00947 0 20
0.009573 0 20
0.009454 0 20
0.009575 0 20
0.01109 0 20
0.013193 0 20
0.010063 0 20
0.009982 0 20
0.009683 0 20
0.010323 0 20
0.010066 0 20
0.009878 0 20
0.010242 0 20
0.012253 0 20
0.010765 0 20
0.009816 0 20
0.010204 0 20
0.009568 0 20
0.009847 0 20
0.009719 0 20
0.009787 0 20
0.00975 0 20
0.01086 0 20
0.009835 0 20
0.009932 0 20
0.009804 0 20
0.009797 0 20
0.009728 0 20
0.009745 0 20
0.009674 0 20
0.009744 0 20
0.009856 0 20
0.009914 0 20
0.009518 0 20
0.009501 0 20
0.009364 0 20
0.009657 0 20
0.009623 0 20
0.009818 0 20
0.009691 0 20
0.009834 0 20
0.010222 0 20
0.009476 0 20
0.009665 0 20
0.009441 0 20
0.009507 0 20
0.00946 0 20
0.009486 0 20
0.009487 0 20
0.00957 0 20
0.009836 0 20
0.010264 0 20
0.009643 0 20
0.009675 0 20
0.009692 0 20
0.009513 0 20
0.009638 0 20
0.009858 0 20
0.009651 0 20
0.009903 0 20
0.009814 0 20
0.010455 0 20
0.009721 0 20
0.009722 0 20
0.009681 0 20
0.009599 0 20
0.009957 0 20
0.009684 0 20
0.009501 0 20
0.009686 0 20
0.009747 0 20
0.010411 0 20
0.009505 0 20
0.00975 0 20
0.009889 0 20
0.009581 0 20
0.009894 0 20
0.009685 0 20
0.01007 0 20
0.009599 0 20
0.009829 0 20
0.010524 0 20
0.009865 0 20
0.009982 0 20
0.009964 0 20
0.009792 0 20
0.009718 0 20
0.010094 0 20
0.00966 0 20
0.009672 0 20
0.010011 0 20
0.010045 0 20
0.009819 0 20
0.009481 0 20
0.009389 0 20
