0.005964 0 94.75
0.006132 0 94.75
0.005946 0 94.75
0.005998 0 94.75
0.006998 0 94.75
0.006293 0 94.75
0.006007 0 94.75
0.006052 0 94.75
0.006191 0 94.75
0.00612 0 94.75
0.006042 0 94.75
0.00628 0 94.75
0.005991 0 94.75
0.00694 0 94.75
0.006129 0 94.75
0.0062 0 94.75
0.006095 0 94.75
0.00623 0 94.75
0.006016 0 94.75
0.006137 0 94.75
0.006125 0 94.75
0.006159 0 94.75
0.006798 0 94.75
0.006125 0 94.75
0.006271 0 94.75
0.006176 0 94.75
0.006836 0 94.75
0.006115 0 94.75
0.006052 0 94.75
0.00589 0 94.75
0.006186 0 94.75
0.006129 0 94.75
0.006003 0 94.75
0.006029 0 94.75
0.006146 0 94.75
0.006084 0 94.75
0.006064 0 94.75
0.006824 0 94.75
0.006038 0 94.75
0.006185 0 94.75
0.0061 0 94.75
0.006141 0 94.75
0.006063 0 94.75
0.006077 0 94.75
0.005829 0 94.75
0.005977 0 94.75
0.005873 0 94.75
0.005915 0 94.75
0.005803 0 94.75
0.005935 0 94.75
0.005854 0 94.75
0.006011 0 94.75
0.005977 0 94.75
0.005864 0 94.75
0.005994 0 94.75
0.006129 0 94.75
0.006093 0 94.75
0.006036 0 94.75
0.006091 0 94.75
0.006083 0 94.75
0.006163 0 94.75
0.006126 0 94.75
0.006049 0 94.75
0.006104 0 94.75
0.006138 0 94.75
0.006089 0 94.75
0.005995 0 94.75
0.006081 0 94.75
0.006171 0 94.75
0.006256 0 94.75
0.005943 0 94.75
0.005994 0 94.75
0.005958 0 94.75
0.005877 0 94.75
0.005877 0 94.75
0.005912 0 94.75
0.005923 0 94.75
0.006042 0 94.75
0.006125 0 94.75
0.00597 0 94.75
0.005855 0 94.75
0.00588 0 94.75
0.005942 0 94.75
0.00615 0 94.75
0.005981 0 94.75
0.005993 0 94.75
0.005982 0 94.75
0.005901 0 94.75
0.005999 0 94.75
0.00596 0 94.75
0.005947 0 94.75
0.006023 0 94.75
0.00616 0 94.75
0.005972 0 94.75
0.005887 0 94.75
0.006044 0 94.75
0.006023 0 94.75
0.006081 0 94.75
0.006001 0 94.75
