0.113146 0 94.75
0.113677 0 94.75
0.114089 0 94.75
0.113076 0 94.75
0.112885 0 94.75
0.113275 0 94.75
0.112576 0 94.75
0.111984 0 94.75
0.111325 0 94.75
0.112896 0 94.75
0.113889 0 94.75
0.111931 0 94.75
0.112506 0 94.75
0.111988 0 94.75
0.111819 0 94.75
0.111836 0 94.75
0.112175 0 94.75
0.112238 0 94.75
0.111523 0 94.75
0.115811 0 94.75
0.113393 0 94.75
0.115887 0 94.75
0.112713 0 94.75
0.11159 0 94.75
0.115583 0 94.75
0.112933 0 94.75
0.115515 0 94.75
0.116361 0 94.75
0.121333 0 94.75
0.116304 0 94.75
0.112712 0 94.75
0.11195 0 94.75
0.113368 0 94.75
0.115774 0 94.75
0.111921 0 94.75
0.114592 0 94.75
0.114928 0 94.75
0.113038 0 94.75
0.116827 0 94.75
0.115992 0 94.75
0.116126 0 94.75
0.112262 0 94.75
0.112133 0 94.75
0.115506 0 94.75
0.112511 0 94.75
0.118607 0 94.75
0.113474 0 94.75
0.11265 0 94.75
0.111838 0 94.75
0.113236 0 94.75
0.111195 0 94.75
0.111962 0 94.75
0.111819 0 94.75
0.116121 0 94.75
0.114154 0 94.75
0.11324 0 94.75
0.112934 0 94.75
0.112065 0 94.75
0.11232 0 94.75
0.112542 0 94.75
0.112326 0 94.75
0.115639 0 94.75
0.118491 0 94.75
0.115627 0 94.75
0.112852 0 94.75
0.112984 0 94.75
0.112675 0 94.75
0.11538 0 94.75
0.11327 0 94.75
0.112884 0 94.75
0.11236 0 94.75
0.1153 0 94.75
0.114791 0 94.75
0.116069 0 94.75
0.115794 0 94.75
0.111709 0 94.75
0.112134 0 94.75
0.112395 0 94.75
0.112106 0 94.75
0.114132 0 94.75
0.112641 0 94.75
0.114371 0 94.75
0.111979 0 94.75
0.111877 0 94.75
0.115902 0 94.75
0.112055 0 94.75
0.112064 0 94.75
0.111474 0 94.75
0.113895 0 94.75
0.113229 0 94.75
0.111694 0 94.75
0.111189 0 94.75
0.112918 0 94.75
0.111365 0 94.75
0.111286 0 94.75
0.111272 0 94.75
0.111436 0 94.75
0.130353 0 94.75
0.112754 0 94.75
