0.09813 0 20
0.09414 0 20
0.093673 0 20
0.089872 0 20
0.091112 0 20
0.093177 0 20
0.09412 0 20
0.090001 0 20
0.090809 0 20
0.089336 0 20
0.090545 0 20
0.089755 0 20
0.094135 0 20
0.092282 0 20
0.0927 0 20
0.090424 0 20
0.091037 0 20
0.08987 0 20
0.090396 0 20
0.089254 0 20
0.094045 0 20
0.092793 0 20
0.091161 0 20
0.093246 0 20
0.093398 0 20
0.093582 0 20
0.091798 0 20
0.093541 0 20
0.093761 0 20
0.089929 0 20
0.090982 0 20
0.091498 0 20
0.094128 0 20
0.091014 0 20
0.104897 0 20
0.0928 0 20
0.090942 0 20
0.093218 0 20
0.090656 0 20
0.092886 0 20
0.091099 0 20
0.090391 0 20
0.090849 0 20
0.089459 0 20
0.090563 0 20
0.093859 0 20
0.092241 0 20
0.090747 0 20
0.094508 0 20
0.093616 0 20
0.091202 0 20
0.089805 0 20
0.093512 0 20
0.089867 0 20
0.097252 0 20
0.102654 0 20
0.098954 0 20
0.09162 0 20
0.092867 0 20
0.092228 0 20
0.09197 0 20
0.090786 0 20
0.090617 0 20
0.095713 0 20
0.109916 0 20
0.090412 0 20
0.094774 0 20
0.090371 0 20
0.091373 0 20
0.092574 0 20
0.090847 0 20
0.090594 0 20
0.09196 0 20
0.091197 0 20
0.091707 0 20
0.089143 0 20
0.094523 0 20
0.090331 0 20
0.091523 0 20
0.090199 0 20
0.093504 0 20
0.09026 0 20
0.091775 0 20
0.089535 0 20
0.091678 0 20
0.089812 0 20
0.090644 0 20
0.092052 0 20
0.090947 0 20
0.090117 0 20
0.090753 0 20
0.089951 0 20
0.090475 0 20
0.089736 0 20
0.091652 0 20
0.090043 0 20
0.092657 0 20
0.088897 0 20
0.095275 0 20
