0.22466 0 17
0.23475 0 17
0.221676 0 17
0.227639 0 17
0.223798 0 17
0.221947 0 17
0.227039 0 17
0.228157 0 17
0.22238 0 17
0.221342 0 17
0.221177 0 17
0.220119 0 17
0.227236 0 17
0.234235 0 17
0.220501 0 17
0.248577 0 17
0.233913 0 17
0.227005 0 17
0.221037 0 17
0.226084 0 17
0.22297 0 17
0.227046 0 17
0.237141 0 17
0.225513 0 17
0.222728 0 17
0.222088 0 17
0.221665 0 17
0.218189 0 17
0.219672 0 17
0.221407 0 17
0.2198 0 17
0.225905 0 17
0.229985 0 17
0.219679 0 17
0.219022 0 17
0.220559 0 17
0.219459 0 17
0.217736 0 17
0.218026 0 17
0.229643 0 17
0.225918 0 17
0.217895 0 17
0.220718 0 17
0.219404 0 17
0.219682 0 17
0.220307 0 17
0.219923 0 17
0.219643 0 17
0.219339 0 17
0.224846 0 17
0.218057 0 17
0.218304 0 17
0.2174 0 17
0.220507 0 17
0.222543 0 17
0.222962 0 17
0.220338 0 17
0.226502 0 17
0.220507 0 17
0.218258 0 17
0.218026 0 17
0.219354 0 17
0.219007 0 17
0.223894 0 17
0.219363 0 17
0.22428 0 17
0.221919 0 17
0.218309 0 17
0.217208 0 17
0.220375 0 17
0.218254 0 17
0.226304 0 17
0.218439 0 17
0.218194 0 17
0.218561 0 17
0.225007 0 17
0.219613 0 17
0.217952 0 17
0.218142 0 17
0.218394 0 17
0.218098 0 17
0.21773 0 17
0.22418 0 17
0.218551 0 17
0.224514 0 17
0.219478 0 17
0.218727 0 17
0.224144 0 17
0.21869 0 17
0.218875 0 17
0.222358 0 17
0.227639 0 17
0.220147 0 17
0.226034 0 17
0.219532 0 17
0.218323 0 17
0.219909 0 17
0.230333 0 17
0.218707 0 17
