0.056425 0 17
0.061107 0 17
0.057713 0 17
0.056279 0 17
0.055646 0 17
0.055389 0 17
0.061102 0 17
0.056835 0 17
0.058494 0 17
0.059657 0 17
0.060139 0 17
0.06329 0 17
0.05642 0 17
0.055345 0 17
0.056244 0 17
0.054948 0 17
0.061158 0 17
0.058494 0 17
0.059978 0 17
0.058407 0 17
0.056745 0 17
0.055138 0 17
0.057187 0 17
0.061322 0 17
0.060064 0 17
0.058654 0 17
0.056708 0 17
0.056164 0 17
0.057505 0 17
0.056471 0 17
0.057085 0 17
0.057487 0 17
0.057993 0 17
0.055577 0 17
0.056587 0 17
0.058289 0 17
0.057917 0 17
0.056386 0 17
0.058147 0 17
0.06136 0 17
0.057451 0 17
0.059329 0 17
0.059462 0 17
0.062967 0 17
0.060681 0 17
0.059447 0 17
0.056578 0 17
0.055595 0 17
0.056991 0 17
0.05773 0 17
0.058612 0 17
0.057811 0 17
0.06082 0 17
0.054944 0 17
0.055645 0 17
0.054887 0 17
0.060217 0 17
0.054728 0 17
0.056141 0 17
0.059133 0 17
0.057591 0 17
0.056326 0 17
0.056916 0 17
0.055554 0 17
0.055184 0 17
0.055284 0 17
0.055793 0 17
0.055029 0 17
0.056537 0 17
0.056242 0 17
0.056238 0 17
0.055059 0 17
0.055777 0 17
0.05812 0 17
0.056562 0 17
0.055223 0 17
0.056448 0 17
0.055747 0 17
0.05674 0 17
0.058727 0 17
0.056908 0 17
0.059435 0 17
0.06147 0 17
0.06279 0 17
0.061281 0 17
0.056693 0 17
0.060142 0 17
0.059172 0 17
0.058216 0 17
0.057233 0 17
0.056425 0 17
0.05688 0 17
0.056536 0 17
0.055887 0 17
0.058017 0 17
0.055387 0 17
0.056504 0 17
0.0552 0 17
0.059756 0 17
