0.093502 0 20
0.09218 0 20
0.091422 0 20
0.090177 0 20
0.093856 0 20
0.089979 0 20
0.094897 0 20
0.093034 0 20
0.091498 0 20
0.091699 0 20
0.091422 0 20
0.090807 0 20
0.091361 0 20
0.09056 0 20
0.094454 0 20
0.089817 0 20
0.093921 0 20
0.089905 0 20
0.091523 0 20
0.089391 0 20
0.092148 0 20
0.09044 0 20
0.0921 0 20
0.090108 0 20
0.091232 0 20
0.0896 0 20
0.091258 0 20
0.089381 0 20
0.091213 0 20
0.089932 0 20
0.091978 0 20
0.089528 0 20
0.091209 0 20
0.093183 0 20
0.094835 0 20
0.089989 0 20
0.090892 0 20
0.093189 0 20
0.094142 0 20
0.092709 0 20
0.091732 0 20
0.090672 0 20
0.091726 0 20
0.093451 0 20
0.091968 0 20
0.08995 0 20
0.091716 0 20
0.089516 0 20
0.090765 0 20
0.092886 0 20
0.093675 0 20
0.090166 0 20
0.095186 0 20
0.089019 0 20
0.091375 0 20
0.093036 0 20
0.092415 0 20
0.093676 0 20
0.094155 0 20
0.090402 0 20
0.09359 0 20
0.090079 0 20
0.091582 0 20
0.089988 0 20
0.09169 0 20
0.091152 0 20
0.091027 0 20
0.091791 0 20
0.092826 0 20
0.089884 0 20
0.093621 0 20
0.093064 0 20
0.09439 0 20
0.096314 0 20
0.091953 0 20
0.090669 0 20
0.094749 0 20
0.090776 0 20
0.091013 0 20
0.089546 0 20
0.090771 0 20
0.090105 0 20
0.090349 0 20
0.090884 0 20
0.091701 0 20
0.090159 0 20
0.091428 0 20
0.08992 0 20
0.091189 0 20
0.089485 0 20
0.090396 0 20
0.089578 0 20
0.090534 0 20
0.08992 0 20
0.092979 0 20
0.090249 0 20
0.091536 0 20
0.09051 0 20
0.091651 0 20
