0.116271 0 17
0.110141 0 17
0.11272 0 17
0.111286 0 17
0.117684 0 17
0.117686 0 17
0.11312 0 17
0.110815 0 17
0.112261 0 17
0.110457 0 17
0.119038 0 17
0.116596 0 17
0.121096 0 17
0.111931 0 17
0.11068 0 17
0.115312 0 17
0.11076 0 17
0.115683 0 17
0.114651 0 17
0.114744 0 17
0.109963 0 17
0.109998 0 17
0.111087 0 17
0.110325 0 17
0.115844 0 17
0.112487 0 17
0.1215 0 17
0.118916 0 17
0.120155 0 17
0.111798 0 17
0.109889 0 17
0.11217 0 17
0.116345 0 17
0.114595 0 17
0.111527 0 17
0.114602 0 17
0.111341 0 17
0.113787 0 17
0.111243 0 17
0.114648 0 17
0.111841 0 17
0.119557 0 17
0.111352 0 17
0.112098 0 17
0.111907 0 17
0.114376 0 17
0.112245 0 17
0.113987 0 17
0.11668 0 17
0.110799 0 17
0.110288 0 17
0.116765 0 17
0.118067 0 17
0.119995 0 17
0.110922 0 17
0.110496 0 17
0.110266 0 17
0.113028 0 17
0.112086 0 17
0.110969 0 17
0.115799 0 17
0.118481 0 17
0.120041 0 17
0.118923 0 17
0.11445 0 17
0.113468 0 17
0.12087 0 17
0.11353 0 17
0.114521 0 17
0.116697 0 17
0.118036 0 17
0.111782 0 17
0.116358 0 17
0.115694 0 17
0.112413 0 17
0.118208 0 17
0.114868 0 17
0.111303 0 17
0.11636 0 17
0.112955 0 17
0.109395 0 17
0.114734 0 17
0.114733 0 17
0.13249 0 17
0.110431 0 17
0.118207 0 17
0.116796 0 17
0.112895 0 17
0.116905 0 17
0.115981 0 17
0.111516 0 17
0.111287 0 17
0.121009 0 17
0.119163 0 17
0.12074 0 17
0.114043 0 17
0.118388 0 17
0.115739 0 17
0.111169 0 17
