0.009833 0 20
0.009729 0 20
0.010841 0 20
0.010266 0 20
0.010666 0 20
0.010309 0 20
0.010169 0 20
0.010479 0 20
0.010912 0 20
0.010079 0 20
0.010395 0 20
0.010274 0 20
0.009744 0 20
0.010157 0 20
0.00987 0 20
0.009941 0 20
0.013118 0 20
0.009989 0 20
0.009834 0 20
0.011047 0 20
0.009569 0 20
0.009426 0 20
0.009601 0 20
0.009822 0 20
0.009598 0 20
0.010326 0 20
0.009731 0 20
0.009734 0 20
0.009734 0 20
0.010872 0 20
0.009878 0 20
0.009783 0 20
0.009711 0 20
0.009882 0 20
0.009959 0 20
0.009662 0 20
0.00971 0 20
0.009775 0 20
0.01027 0 20
0.009973 0 20
0.009607 0 20
0.009732 0 20
0.009624 0 20
0.009803 0 20
0.009636 0 20
0.009579 0 20
0.009832 0 20
0.009556 0 20
0.01035 0 20
0.009535 0 20
0.009598 0 20
0.009471 0 20
0.009627 0 20
0.009708 0 20
0.009457 0 20
0.009552 0 20
0.009601 0 20
0.009453 0 20
0.010468 0 20
0.009704 0 20
0.009574 0 20
0.009533 0 20
0.009975 0 20
0.009576 0 20
0.009496 0 20
0.009484 0 20
0.00943 0 20
0.009687 0 20
0.010502 0 20
0.01035 0 20
0.009981 0 20
0.009936 0 20
0.009661 0 20
0.009714 0 20
0.009659 0 20
0.010888 0 20
0.00988 0 20
0.009822 0 20
0.0107 0 20
0.009804 0 20
0.009793 0 20
0.009539 0 20
0.00977 0 20
0.009603 0 20
0.009518 0 20
0.009822 0 20
0.009627 0 20
0.010123 0 20
0.009638 0 20
0.009873 0 20
0.009775 0 20
0.009714 0 20
0.009751 0 20
0.009537 0 20
0.009822 0 20
0.009564 0 20
0.009619 0 20
0.01014 0 20
0.010808 0 20
