0.011731 0 17
0.011925 0 17
0.011643 0 17
0.011761 1 14.5
0.011591 0 17
0.012003 0 17
0.011445 0 17
0.015152 0 17
0.011421 0 17
0.011398 0 17
0.011123 0 17
0.011645 0 17
0.011239 0 17
0.013956 0 17
0.011567 0 17
0.011732 0 17
0.013219 0 17
0.011541 0 17
0.012467 0 17
0.011583 0 17
0.011852 0 17
0.011154 0 17
0.014961 0 17
0.0117 0 17
0.011766 0 17
0.012619 0 17
0.011514 0 17
0.011717 0 17
0.011565 0 17
0.015578 0 17
0.012038 0 17
0.011663 0 17
0.012537 0 17
0.011394 0 17
0.011772 0 17
0.011428 0 17
0.012318 0 17
0.011547 0 17
0.011578 0 17
0.011356 0 17
0.011787 0 17
0.011437 0 17
0.011905 0 17
0.011494 0 17
0.01218 0 17
0.013737 0 17
0.011434 0 17
0.011385 0 17
0.01168 0 17
0.013883 0 17
0.011764 0 17
0.011455 0 17
0.015215 0 17
0.011372 0 17
0.011311 0 17
0.011701 0 17
0.01211 0 17
0.011293 0 17
0.01317 0 17
0.011514 0 17
0.012652 0 17
0.012063 0 17
0.01157 0 17
0.012237 0 17
0.011636 0 17
0.011688 0 17
0.01151 0 17
0.01128 0 17
0.011524 0 17
0.011675 0 17
0.011516 0 17
0.011824 0 17
0.011248 0 17
0.011494 0 17
0.011624 0 17
0.011449 0 17
0.011369 0 17
0.011456 0 17
0.011465 0 17
0.012379 0 17
0.011646 0 17
0.011704 0 17
0.011062 0 17
0.011321 0 17
0.011633 0 17
0.011488 0 17
0.011389 0 17
0.011855 0 17
0.014617 0 17
0.012399 0 17
0.011399 0 17
0.011589 0 17
0.011491 0 17
0.011505 0 17
0.011498 0 17
0.012443 0 17
0.011688 0 17
0.011563 0 17
0.011873 0 17
