0.00134 0 94.75
0.001505 0 94.75
0.001262 0 94.75
0.001278 0 104.75
0.001233 0 94.75
0.001314 0 94.75
0.00124 0 94.75
0.001336 0 94.75
0.001289 0 94.75
0.001276 0 94.75
0.001275 0 94.75
0.00127 0 94.75
0.001297 0 94.75
0.001328 0 94.75
0.001314 0 94.75
0.001239 0 94.75
0.001244 0 94.75
0.001317 0 94.75
0.001288 0 94.75
0.001348 0 94.75
0.001242 0 94.75
0.001293 0 104.75
0.001239 0 94.75
0.001226 0 94.75
0.001292 0 94.75
0.001342 0 94.75
0.001251 0 94.75
0.001345 0 94.75
0.001241 0 94.75
0.001289 0 94.75
0.001353 0 94.75
0.001375 0 94.75
0.001243 0 94.75
0.001289 0 94.75
0.001951 0 94.75
0.001337 0 94.75
0.001292 0 94.75
0.001385 0 94.75
0.001337 0 94.75
0.001244 0 94.75
0.001251 0 94.75
0.001237 0 94.75
0.001303 0 94.75
0.001353 0 94.75
0.00131 0 94.75
0.001253 0 94.75
0.001293 0 94.75
0.001285 0 94.75
0.001294 0 94.75
0.001243 0 94.75
0.00124 0 94.75
0.001285 0 94.75
0.00125 0 94.75
0.001262 0 94.75
0.001336 0 94.75
0.001396 0 94.75
0.001309 0 94.75
0.001255 0 94.75
0.001258 0 94.75
0.00125 0 104.75
0.001273 0 94.75
0.001295 0 94.75
0.001238 0 94.75
0.001275 0 104.75
0.001246 0 94.75
0.001291 0 94.75
0.001315 0 94.75
0.001393 0 94.75
0.001246 0 94.75
0.001274 0 94.75
0.00126 0 94.75
0.001261 0 94.75
0.001312 0 94.75
0.001363 0 94.75
0.001245 0 94.75
0.001309 0 94.75
0.00124 0 94.75
0.00124 0 94.75
0.001233 0 94.75
0.001386 0 94.75
0.001272 0 94.75
0.001239 0 94.75
0.001247 0 94.75
0.001292 0 94.75
0.001242 0 94.75
0.001313 0 94.75
0.00128 0 94.75
0.001324 0 94.75
0.001238 0 94.75
0.00134 0 94.75
0.001246 0 94.75
0.001242 0 94.75
0.001276 0 104.75
0.00127 0 94.75
0.001241 0 94.75
0.001282 0 94.75
0.001244 0 94.75
0.001247 0 94.75
0.001316 0 94.75
