0.019788 0 20
0.018316 0 20
0.018091 0 20
0.018184 0 20
0.018026 0 20
0.017979 0 20
0.018151 0 20
0.018277 0 20
0.018248 0 20
0.017939 0 20
0.018028 0 20
0.018765 0 20
0.018148 0 20
0.018163 0 20
0.018426 0 20
0.017998 0 20
0.018135 0 20
0.018646 0 20
0.018768 0 20
0.018412 0 20
0.018211 0 20
0.018394 0 20
0.01828 0 20
0.018185 0 20
0.018339 0 20
0.018165 0 20
0.017862 0 20
0.018012 0 20
0.018327 0 20
0.021217 0 20
0.018229 0 20
0.018166 0 20
0.018905 0 20
0.018421 0 20
0.018274 0 20
0.017993 0 20
0.018342 0 20
0.018108 0 20
0.018311 0 20
0.018463 0 20
0.01804 0 20
0.018321 0 20
0.018401 0 20
0.018178 0 20
0.018048 0 20
0.018141 0 20
0.01817 0 20
0.018212 0 20
0.018366 0 20
0.018178 0 20
0.018717 0 20
0.018074 0 20
0.018067 0 20
0.018072 0 20
0.018739 0 20
0.018291 0 20
0.018417 0 20
0.017866 0 20
0.018124 0 20
0.018202 0 20
0.018924 0 20
0.017874 0 20
0.018018 0 20
0.018035 0 20
0.018032 0 20
0.018225 0 20
0.018744 0 20
0.018455 0 20
0.018124 0 20
0.017853 0 20
0.01863 0 20
0.018565 0 20
0.018459 0 20
0.018071 0 20
0.018205 0 20
0.018218 0 20
0.018383 0 20
0.018214 0 20
0.018428 0 20
0.017849 0 20
0.018137 0 20
0.018147 0 20
0.017898 0 20
0.01805 0 20
0.018586 0 20
0.017977 0 20
0.018047 0 20
0.018059 0 20
0.018334 0 20
0.018468 0 20
0.018385 0 20
0.018352 0 20
0.018007 0 20
0.018553 0 20
0.018406 1 20
0.018019 0 20
0.018155 0 20
0.01836 1 20
0.018335 0 20
