0.097691 0 20
0.093499 0 20
0.093852 0 20
0.092665 0 20
0.090587 0 20
0.089323 0 20
0.09385 0 20
0.090061 0 20
0.094286 0 20
0.094427 0 20
0.096986 0 20
0.092355 0 20
0.092551 0 20
0.089595 0 20
0.091021 0 20
0.090409 0 20
0.091553 0 20
0.091478 0 20
0.091361 0 20
0.091134 0 20
0.091729 0 20
0.090787 0 20
0.091145 0 20
0.090055 0 20
0.090964 0 20
0.093164 0 20
0.090561 0 20
0.093724 0 20
0.094348 0 20
0.090495 0 20
0.091647 0 20
0.091772 0 20
0.091674 0 20
0.090325 0 20
0.090997 0 20
0.091307 0 20
0.090732 0 20
0.092929 0 20
0.091727 0 20
0.091033 0 20
0.092184 0 20
0.090626 0 20
0.09174 0 20
0.090309 0 20
0.093988 0 20
0.09009 0 20
0.090354 0 20
0.093366 0 20
0.094405 0 20
0.093657 0 20
0.091278 0 20
0.093699 0 20
0.091397 0 20
0.089748 0 20
0.090936 0 20
0.093592 0 20
0.094498 0 20
0.089687 0 20
0.091525 0 20
0.092035 0 20
0.091297 0 20
0.089696 0 20
0.091307 0 20
0.096053 0 20
0.094848 0 20
0.091753 0 20
0.092018 0 20
0.089848 0 20
0.091442 0 20
0.090205 0 20
0.097338 0 20
0.092964 0 20
0.092784 0 20
0.090401 0 20
0.091011 0 20
0.089914 0 20
0.09168 0 20
0.090042 0 20
0.090929 0 20
0.089825 0 20
0.091052 0 20
0.090816 0 20
0.091012 0 20
0.09157 0 20
0.091497 0 20
0.093134 0 20
0.09119 0 20
0.090433 0 20
0.093869 0 20
0.090036 0 20
0.091472 0 20
0.090007 0 20
0.091969 0 20
0.090181 0 20
0.091747 0 20
0.090329 0 20
0.090754 0 20
0.09037 0 20
0.092348 0 20
