0.633776 0 3.75
0.655349 0 5
0.612783 1 5
0.609117 1 3.75
0.6105 1 5
0.591104 1 5
0.579984 0 5
0.57131 1 5
0.583609 0 5
0.58137 0 5
0.58448 0 5
0.572485 0 3.75
0.572643 1 3.75
0.576728 0 3.75
0.57945 1 5
0.587008 2 3.75
0.585357 0 5
0.577159 1 3.75
0.578566 0 5
0.5827 1 3.75
0.58578 1 5
0.585866 0 3.75
0.579131 1 3.75
0.588026 0 3.75
0.572309 0 3.75
0.588648 1 3.75
0.576731 1 3.75
0.57804 0 3.75
0.595953 0 6.25
0.577179 1 3.75
0.593214 1 3.75
0.579309 1 5
0.608877 1 3.75
0.616757 1 3.75
0.595563 1 3.75
0.645022 1 3.75
0.659688 0 3.75
0.594168 0 3.75
0.591631 1 3.75
0.59107 1 3.75
0.605237 2 3.75
0.610049 1 5
0.578485 1 3.75
0.584489 0 3.75
0.581514 0 5
0.598503 1 3.75
0.629445 1 3.75
0.62055 1 3.75
0.581747 1 3.75
0.585593 1 5
0.600436 0 5
0.586768 1 3.75
0.581379 0 5
0.584867 1 3.75
0.583903 0 3.75
0.590651 0 3.75
0.578884 0 5
0.614289 0 3.75
0.61877 1 3.75
0.701771 1 3.75
0.700906 1 3.75
0.603201 0 3.75
0.57757 1 3.75
0.575611 1 5
0.645806 1 3.75
0.57826 1 3.75
0.572089 0 3.75
0.603977 0 5
0.60192 0 3.75
0.581869 1 3.75
0.572999 1 5
0.574037 0 5
0.594589 0 3.75
0.613604 0 5
0.627027 0 5
0.610665 0 5
0.610943 1 5
0.624998 1 3.75
0.647647 1 6.25
0.594732 1 3.75
0.602133 1 3.75
0.618554 1 3.75
0.610066 0 5
0.59077 0 5
0.577862 1 3.75
0.571223 1 3.75
0.56997 1 3.75
0.574986 1 3.75
0.573099 0 3.75
0.57767 0 5
0.570771 0 5
0.576171 1 3.75
0.61581 1 5
0.581043 1 3.75
0.603528 1 3.75
0.594317 1 5
0.591991 1 3.75
0.591712 1 3.75
0.629756 1 5
