0.011859 0 94.75
0.011524 0 94.75
0.011769 0 94.75
0.012097 0 94.75
0.01159 0 94.75
0.011581 0 94.75
0.011917 0 94.75
0.013121 0 94.75
0.011992 0 94.75
0.01208 0 94.75
0.011793 0 94.75
0.011867 0 94.75
0.011813 0 94.75
0.011744 0 94.75
0.01173 0 94.75
0.012096 0 94.75
0.011774 0 94.75
0.011646 0 94.75
0.011657 0 94.75
0.011897 0 94.75
0.011709 0 94.75
0.012192 0 94.75
0.011763 0 94.75
0.012213 0 94.75
0.011759 0 94.75
0.012944 0 94.75
0.011966 0 94.75
0.012071 0 94.75
0.011804 0 94.75
0.011821 0 94.75
0.011714 0 94.75
0.012364 0 94.75
0.011735 0 94.75
0.012136 0 94.75
0.011772 0 94.75
0.011846 0 94.75
0.011921 0 94.75
0.011949 0 94.75
0.012 0 94.75
0.012105 0 94.75
0.011939 0 94.75
0.012112 0 94.75
0.012084 0 94.75
0.012006 0 94.75
0.011989 0 94.75
0.011988 0 94.75
0.012028 0 94.75
0.012034 0 94.75
0.011882 0 94.75
0.011895 0 94.75
0.011851 0 94.75
0.011881 0 94.75
0.011924 0 94.75
0.011904 0 94.75
0.0119 0 94.75
0.012054 0 94.75
0.011999 0 94.75
0.011841 0 94.75
0.011999 0 94.75
0.011899 0 94.75
0.011838 0 94.75
0.013399 0 94.75
0.012056 0 94.75
0.01196 0 94.75
0.011721 0 94.75
0.011872 0 94.75
0.011632 0 94.75
0.011533 0 94.75
0.011625 0 94.75
0.011944 0 94.75
0.011649 0 94.75
0.011903 0 94.75
0.011808 0 94.75
0.011941 0 94.75
0.011605 0 94.75
0.012 0 94.75
0.011787 0 94.75
0.012005 0 94.75
0.011624 0 94.75
0.011764 0 94.75
0.011566 0 94.75
0.011622 0 94.75
0.011706 0 94.75
0.011565 0 94.75
0.011944 0 94.75
0.0119 0 94.75
0.011446 0 94.75
0.012053 0 94.75
0.012091 0 94.75
0.012086 0 94.75
0.011945 0 94.75
0.011593 0 94.75
0.011528 0 94.75
0.011782 0 94.75
0.011871 0 94.75
0.012041 0 94.75
0.011457 0 94.75
0.011616 0 94.75
0.011566 0 94.75
