2.90124 0 3.75
2.9273 0 3.75
2.97959 0 3.75
2.9989 0 5
2.88745 1 3.75
2.87825 0 5
2.89448 0 3.75
2.9203 0 3.75
2.92408 0 5
2.86595 0 3.75
2.94531 0 5
2.93033 0 3.75
2.95045 0 3.75
2.98555 0 3.75
2.9441 0 5
2.97825 0 3.75
2.87006 0 5
2.9423 0 3.75
2.88242 0 3.75
2.88419 0 3.75
2.94853 0 3.75
3.00464 0 3.75
2.98563 0 5
2.91661 0 3.75
2.92633 0 3.75
2.89413 1 3.75
2.87697 0 3.75
2.8876 0 3.75
3.01587 0 5
2.95688 0 3.75
2.99089 0 3.75
2.90326 0 5
2.91086 1 3.75
2.9704 0 3.75
2.98027 0 6.25
2.86317 0 3.75
2.93522 0 3.75
3.17877 0 3.75
3.23805 0 3.75
3.01651 0 5
3.16826 1 3.75
2.89891 0 3.75
3.04058 1 3.75
3.03977 0 3.75
2.942 0 3.75
3.04249 1 3.75
3.00282 0 3.75
3.06419 0 3.75
2.96751 0 3.75
2.99828 0 5
3.00547 0 3.75
3.32102 0 3.75
3.44572 0 3.75
3.1352 0 3.75
3.17262 0 3.75
3.03229 0 3.75
3.0484 0 5
2.95703 0 3.75
2.88894 1 3.75
2.88621 0 3.75
2.87634 0 3.75
2.93264 0 3.75
3.05356 0 3.75
2.89887 0 5
2.91252 0 3.75
2.85025 0 5
3.14472 0 3.75
3.24067 0 5
3.34289 0 3.75
3.36314 0 3.75
3.35463 0 5
3.28023 0 3.75
3.30351 0 3.75
3.37128 0 5
3.40523 0 5
3.41381 0 5
3.31609 0 3.75
3.09824 0 3.75
3.11225 0 3.75
2.91635 0 3.75
3.01259 0 3.75
3.13825 0 3.75
2.91218 0 5
2.98922 0 5
2.99709 0 3.75
3.09482 1 3.75
2.89706 1 3.75
2.86552 0 3.75
2.86694 0 3.75
2.84497 0 3.75
2.93334 0 3.75
2.87997 0 3.75
2.873 0 6.25
2.95824 0 3.75
2.93385 0 3.75
2.87806 1 3.75
2.9788 0 3.75
2.85083 1 3.75
2.83996 0 3.75
