0.009204 0 20
0.012078 0 20
0.010141 0 20
0.009709 0 20
0.009522 0 20
0.00946 0 20
0.009338 0 20
0.00931 0 20
0.009144 0 20
0.009075 0 20
0.009276 0 20
0.009258 0 20
0.009095 0 20
0.009176 0 20
0.00903 0 20
0.009076 0 20
0.008895 0 20
0.009071 0 20
0.009049 0 20
0.009273 0 20
0.009089 0 20
0.009384 0 20
0.009119 0 20
0.009099 0 20
0.009139 0 20
0.008976 0 20
0.009096 0 20
0.009044 0 20
0.009079 0 20
0.009361 0 20
0.009217 0 20
0.009232 0 20
0.009254 0 20
0.009116 0 20
0.0094 0 20
0.008974 0 20
0.009062 0 20
0.009287 0 20
0.00909 0 20
0.009384 0 20
0.009135 0 20
0.009365 0 20
0.009343 0 20
0.00911 0 20
0.009248 0 20
0.00931 0 20
0.009142 0 20
0.009192 0 20
0.009184 0 20
0.009165 0 20
0.00927 0 20
0.009407 0 20
0.00915 0 20
0.009201 0 20
0.009333 0 20
0.009171 0 20
0.009325 0 20
0.009226 0 20
0.009398 0 20
0.009157 0 20
0.009006 0 20
0.00935 0 20
0.008996 0 20
0.008955 0 20
0.009044 0 20
0.008889 0 20
0.009104 0 20
0.009075 0 20
0.009868 0 20
0.009299 0 20
0.009102 0 20
0.009523 0 20
0.009265 0 20
0.009309 0 20
0.009232 0 20
0.009133 0 20
0.009152 0 20
0.00917 0 20
0.009406 0 20
0.009214 0 20
0.009077 0 20
0.009523 0 20
0.009165 0 20
0.009355 0 20
0.009547 0 20
0.00957 0 20
0.009364 0 20
0.009283 0 20
0.009243 0 20
0.009201 0 20
0.009149 0 20
0.009357 0 20
0.009112 0 20
0.009079 0 20
0.009074 0 20
0.009087 0 20
0.009047 0 20
0.009166 0 20
0.00922 0 20
