0.045268 0 20
0.049934 0 20
0.048746 0 20
0.046655 0 20
0.046776 0 20
0.045667 0 20
0.04516 0 20
0.046452 0 20
0.045213 0 20
0.045262 0 20
0.046292 0 20
0.045141 0 20
0.045969 0 20
0.046176 0 20
0.048048 0 20
0.04654 0 20
0.047266 0 20
0.045772 0 20
0.046624 0 20
0.047024 0 20
0.046268 0 20
0.045509 0 20
0.047282 0 20
0.045455 0 20
0.045325 0 20
0.04616 0 20
0.045255 0 20
0.045643 0 20
0.046183 0 20
0.045524 0 20
0.044968 0 20
0.046129 0 20
0.045324 0 20
0.045211 0 20
0.045867 0 20
0.04508 0 20
0.045836 0 20
0.045836 0 20
0.045522 0 20
0.04554 0 20
0.045995 0 20
0.045231 0 20
0.045634 0 20
0.046206 0 20
0.046534 0 20
0.045485 0 20
0.046591 0 20
0.045543 0 20
0.045271 0 20
0.046764 0 20
0.047017 0 20
0.045894 0 20
0.046152 0 20
0.045905 0 20
0.04547 0 20
0.046337 0 20
0.045735 0 20
0.046462 0 20
0.048145 0 20
0.046306 0 20
0.046249 0 20
0.046388 0 20
0.047413 0 20
0.04676 0 20
0.04697 0 20
0.045834 0 20
0.046582 0 20
0.046645 0 20
0.045673 0 20
0.04541 0 20
0.047626 0 20
0.045271 0 20
0.046212 0 20
0.046753 0 20
0.045352 0 20
0.044971 0 20
0.046882 0 20
0.045542 0 20
0.045547 0 20
0.047099 0 20
0.04574 0 20
0.045887 0 20
0.046998 0 20
0.045135 0 20
0.045563 0 20
0.046916 0 20
0.045243 0 20
0.045394 0 20
0.04682 0 20
0.048768 0 20
0.045533 0 20
0.047993 0 20
0.046029 0 20
0.046025 0 20
0.046145 0 20
0.045782 0 20
0.045467 0 20
0.046469 0 20
0.045736 0 20
