0.110971 0 17
0.11541 0 17
0.116859 0 17
0.120695 0 17
0.113721 0 17
0.11471 0 17
0.111752 0 17
0.113945 0 17
0.115964 0 17
0.116862 0 17
0.114746 0 17
0.110362 0 17
0.109904 0 17
0.112593 0 17
0.112533 0 17
0.11476 0 17
0.111647 0 17
0.113608 0 17
0.119008 0 17
0.112529 0 17
0.113107 0 17
0.113948 0 17
0.113663 0 17
0.116004 0 17
0.111619 0 17
0.110458 0 17
0.111961 0 17
0.110954 0 17
0.11547 0 17
0.114464 0 17
0.111743 0 17
0.114449 0 17
0.110243 0 17
0.112495 0 17
0.114676 0 17
0.111059 0 17
0.113885 0 17
0.112279 0 17
0.11403 0 17
0.112552 0 17
0.110467 0 17
0.109744 0 17
0.109509 0 17
0.110615 0 17
0.117384 0 17
0.118225 0 17
0.113121 0 17
0.113184 0 17
0.114746 0 17
0.114302 0 17
0.117516 0 17
0.114262 0 17
0.110744 0 17
0.120589 0 17
0.112312 0 17
0.112531 0 17
0.11123 0 17
0.111409 0 17
0.111275 0 17
0.113859 0 17
0.113377 0 17
0.115122 0 17
0.111731 0 17
0.112039 0 17
0.112602 0 17
0.11323 0 17
0.110751 0 17
0.110319 0 17
0.110654 0 17
0.113265 0 17
0.114787 0 17
0.11129 0 17
0.111295 0 17
0.112306 0 17
0.110889 0 17
0.113216 0 17
0.117867 0 17
0.110331 0 17
0.111028 0 17
0.115202 0 17
0.113528 0 17
0.114389 0 17
0.111343 0 17
0.110863 0 17
0.113619 0 17
0.118623 0 17
0.11268 0 17
0.112742 0 17
0.112122 0 17
0.116694 0 17
0.112824 0 17
0.112874 0 17
0.109971 0 17
0.114688 0 17
0.109939 0 17
0.117113 0 17
0.112626 0 17
0.113978 0 17
0.117628 0 17
