1.39874 0 5
1.40312 0 8.25
1.38676 0 15
1.4084 1 5
1.40122 1 3.75
1.40755 0 5
1.40879 1 3.75
1.41548 1 3.75
1.4475 1 6.25
1.42024 0 5.75
1.38884 1 5
1.38598 1 5
1.39396 1 5
1.37312 0 5
1.381 1 3.75
1.39175 0 17
1.42245 1 3.75
1.41263 1 3.75
1.44385 0 6.25
1.37553 0 5
1.40143 1 3.75
1.40466 1 3.75
1.38869 1 3.75
1.38693 0 9
1.39682 1 3.75
1.41163 1 3.75
1.38722 0 7.75
1.39718 1 5
1.3961 1 5
1.39737 0 9
1.43565 1 5
1.40131 0 3.75
1.37917 1 7
1.39446 1 5
1.3862 1 5
1.38425 1 5
1.37299 1 3.75
1.36105 1 3.75
1.38363 1 3.75
1.35963 1 5
1.38239 1 5.75
1.39291 1 3.75
1.36443 1 3.75
1.4279 0 15.75
1.39479 0 3.75
1.39254 0 5
1.36968 1 5
1.39057 0 12.25
1.38673 1 5
1.39591 1 5
1.38256 0 7
1.38919 1 3.75
1.37726 0 7
1.3744 1 3.75
1.39434 0 9.75
1.39219 0 5
1.39988 0 5
1.41226 1 3.75
1.45719 1 5
1.36137 0 5
1.45376 0 5.75
1.3827 0 13.5
1.49026 1 5
1.4963 1 3.75
1.49501 1 5.75
1.48223 0 5
1.39844 1 3.75
1.38818 1 5
1.38708 1 7
1.40041 1 6.25
1.39337 0 5
1.39377 0 5
1.37901 0 3.75
1.38553 1 3.75
1.39785 1 3.75
1.4105 1 5
1.38056 0 12.25
1.38503 0 7
1.39068 0 9
1.39568 0 5
1.38594 1 3.75
1.40435 0 5
1.39912 1 3.75
1.44056 0 3.75
1.44229 1 3.75
1.41103 0 7
1.4275 0 5
1.40458 0 7.5
1.3903 0 9
1.38959 1 5.75
1.37873 1 5
1.37715 1 5
1.39548 0 6.25
1.39379 1 6.25
1.40971 0 7
1.42568 1 6.25
1.38572 1 5
1.4219 1 3.75
1.37935 1 5
