0.01824 0 20
0.017905 0 20
0.018824 0 20
0.018067 0 20
0.017964 0 20
0.017982 0 20
0.017881 0 20
0.018351 0 20
0.018391 0 20
0.018238 0 20
0.018057 0 20
0.018142 0 20
0.017927 0 20
0.018301 0 20
0.01873 0 20
0.018475 0 20
0.018147 0 20
0.018093 0 20
0.018225 0 20
0.018154 0 20
0.018474 0 20
0.018098 0 20
0.018146 0 20
0.018415 0 20
0.017921 0 20
0.018104 0 20
0.018444 0 20
0.018746 0 20
0.018773 0 20
0.018207 0 20
0.018358 0 20
0.01835 0 20
0.018446 0 20
0.018201 0 20
0.018276 0 20
0.018167 0 20
0.018796 0 20
0.018536 0 20
0.01847 0 20
0.018405 0 20
0.018628 0 20
0.018459 0 20
0.017928 0 20
0.017834 0 20
0.018623 0 20
0.018228 0 20
0.01799 0 20
0.018278 0 20
0.018088 0 20
0.018242 0 20
0.018382 0 20
0.018057 0 20
0.018242 0 20
0.01818 0 20
0.018103 0 20
0.018174 0 20
0.018523 0 20
0.018163 0 20
0.018262 0 20
0.018065 0 20
0.018427 0 20
0.018205 0 20
0.018765 0 20
0.017969 0 20
0.018255 0 20
0.020261 0 20
0.018763 0 20
0.018412 0 20
0.018408 0 20
0.018349 0 20
0.018728 0 20
0.018504 0 20
0.021361 0 20
0.018046 0 20
0.017992 0 20
0.01827 0 20
0.01799 0 20
0.017987 0 20
0.018321 0 20
0.017847 0 20
0.018162 0 20
0.018002 0 20
0.018142 0 20
0.018038 0 20
0.01819 0 20
0.01813 0 20
0.01853 0 20
0.018263 0 20
0.01819 0 20
0.018246 0 20
0.018467 0 20
0.018581 0 20
0.018147 0 20
0.018067 0 20
0.018076 0 20
0.018614 0 20
0.019679 0 20
0.017975 0 20
0.017778 0 20
