0.233826 0 94.75
0.223804 0 94.75
0.233139 0 94.75
0.223638 0 94.75
0.224015 0 94.75
0.234031 0 94.75
0.25243 0 94.75
0.226772 0 94.75
0.227514 0 94.75
0.222891 0 94.75
0.222537 0 94.75
0.228713 0 94.75
0.230345 0 94.75
0.232116 0 94.75
0.230317 0 94.75
0.223208 0 94.75
0.232685 0 94.75
0.226355 0 94.75
0.223134 0 94.75
0.222804 0 94.75
0.222373 0 94.75
0.22384 0 94.75
0.223662 0 94.75
0.224198 0 94.75
0.223948 0 94.75
0.230587 0 94.75
0.224831 0 94.75
0.230887 0 94.75
0.22488 0 94.75
0.233631 0 94.75
0.222547 0 94.75
0.229488 0 94.75
0.223731 0 94.75
0.231342 0 94.75
0.224675 0 94.75
0.226902 0 94.75
0.23054 0 94.75
0.223803 0 94.75
0.226588 0 94.75
0.223424 0 94.75
0.226001 0 94.75
0.23102 0 94.75
0.231984 0 94.75
0.230522 0 94.75
0.22346 0 94.75
0.222113 0 94.75
0.226124 0 94.75
0.224452 0 94.75
0.230085 0 94.75
0.224578 0 94.75
0.23045 0 94.75
0.228833 0 94.75
0.224264 0 94.75
0.22996 0 94.75
0.23255 0 94.75
0.224398 0 94.75
0.223306 0 94.75
0.223436 0 94.75
0.222612 0 94.75
0.225645 0 94.75
0.223248 0 94.75
0.223869 0 94.75
0.223992 0 94.75
0.230821 0 94.75
0.231542 0 94.75
0.223277 0 94.75
0.229054 0 94.75
0.223508 0 94.75
0.229748 0 94.75
0.224169 0 94.75
0.225412 0 94.75
0.225469 0 94.75
0.232006 0 94.75
0.223767 0 94.75
0.222909 0 94.75
0.241039 0 94.75
0.227443 0 94.75
0.225166 0 94.75
0.223936 0 94.75
0.225044 0 94.75
0.223654 0 94.75
0.22424 0 94.75
0.222929 0 94.75
0.222737 0 94.75
0.225804 0 94.75
0.227724 0 94.75
0.224411 0 94.75
0.226126 0 94.75
0.229566 0 94.75
0.227482 0 94.75
0.232939 0 94.75
0.224021 0 94.75
0.231375 0 94.75
0.227044 0 94.75
0.226197 0 94.75
0.223546 0 94.75
0.227354 0 94.75
0.222897 0 94.75
0.230893 0 94.75
