0.011475 0 20
0.009769 0 20
0.010109 0 20
0.009777 0 20
0.0096 0 20
0.009851 0 20
0.009753 0 20
0.009503 0 20
0.009861 0 20
0.01016 0 20
0.010362 0 20
0.009859 0 20
0.009852 0 20
0.009777 0 20
0.009648 0 20
0.009678 0 20
0.009806 0 20
0.010348 0 20
0.009889 0 20
0.010101 0 20
0.00956 0 20
0.009862 0 20
0.009566 0 20
0.00961 0 20
0.009603 0 20
0.009746 0 20
0.009743 0 20
0.01033 0 20
0.009765 0 20
0.009277 0 20
0.009473 0 20
0.00948 0 20
0.009554 0 20
0.009619 0 20
0.009374 0 20
0.009441 0 20
0.009503 0 20
0.010286 0 20
0.00976 0 20
0.009429 0 20
0.009391 0 20
0.0095 0 20
0.009693 0 20
0.009655 0 20
0.009653 0 20
0.009484 0 20
0.009667 0 20
0.010188 0 20
0.009608 0 20
0.009575 0 20
0.009529 0 20
0.009725 0 20
0.009602 0 20
0.009544 0 20
0.009493 0 20
0.009408 0 20
0.009938 0 20
0.011351 0 20
0.009488 0 20
0.009774 0 20
0.009737 0 20
0.009631 0 20
0.009447 0 20
0.009521 0 20
0.010317 0 20
0.009786 0 20
0.010243 0 20
0.009603 0 20
0.009496 0 20
0.009513 0 20
0.009438 0 20
0.009778 0 20
0.009707 0 20
0.009742 0 20
0.009451 0 20
0.010272 0 20
0.009784 0 20
0.009987 0 20
0.009707 0 20
0.01001 0 20
0.009712 0 20
0.009853 0 20
0.012778 0 20
0.009976 0 20
0.010852 0 20
0.009778 0 20
0.010142 0 20
0.009963 0 20
0.010402 0 20
0.011618 0 20
0.009469 0 20
0.009695 0 20
0.010785 0 20
0.009921 0 20
0.009947 0 20
0.009881 0 20
0.009822 0 20
0.009774 0 20
0.010054 0 20
