0.050344 0 20
0.04911 0 20
0.04973 0 20
0.047548 0 20
0.050386 0 20
0.049277 0 20
0.049964 0 20
0.048234 0 20
0.04657 0 20
0.04718 0 20
0.046571 0 20
0.046366 0 20
0.047333 0 20
0.049722 0 20
0.046496 0 20
0.047102 0 20
0.045647 0 20
0.047864 0 20
0.047657 0 20
0.048701 0 20
0.045772 0 20
0.046873 0 20
0.044985 0 20
0.045917 0 20
0.046506 0 20
0.045649 0 20
0.04538 0 20
0.046288 0 20
0.047359 0 20
0.045 0 20
0.046226 0 20
0.04506 0 20
0.044889 0 20
0.045993 0 20
0.045312 0 20
0.044938 0 20
0.046325 0 20
0.044934 0 20
0.044666 0 20
0.046026 0 20
0.044945 0 20
0.044932 0 20
0.046734 0 20
0.04546 0 20
0.045226 0 20
0.046485 0 20
0.045246 0 20
0.045575 0 20
0.046086 0 20
0.045812 0 20
0.045106 0 20
0.046604 0 20
0.045536 0 20
0.045361 0 20
0.046087 0 20
0.045825 0 20
0.04962 0 20
0.046242 0 20
0.046701 0 20
0.045706 0 20
0.055961 0 20
0.048026 0 20
0.046134 0 20
0.046326 0 20
0.049089 0 20
0.045545 0 20
0.046029 0 20
0.045094 0 20
0.045226 0 20
0.045786 0 20
0.044757 0 20
0.045177 0 20
0.045942 0 20
0.045213 0 20
0.045125 0 20
0.046432 0 20
0.044936 0 20
0.045379 0 20
0.046102 0 20
0.045247 0 20
0.044836 0 20
0.045784 0 20
0.045572 0 20
0.045016 0 20
0.046866 0 20
0.045096 0 20
0.045766 0 20
0.046485 0 20
0.045766 0 20
0.045347 0 20
0.049343 0 20
0.04574 0 20
0.045285 0 20
0.045901 0 20
0.045627 0 20
0.045231 0 20
0.045998 0 20
0.045472 0 20
0.044807 0 20
