0.011422 0 94.75
0.011366 0 94.75
0.011699 0 94.75
0.011678 0 94.75
0.011713 0 94.75
0.012074 0 94.75
0.0117 0 94.75
0.011499 0 94.75
0.011548 0 94.75
0.01163 0 94.75
0.011709 0 94.75
0.011479 0 94.75
0.011763 0 94.75
0.011717 0 94.75
0.014739 0 104.75
0.011648 0 94.75
0.011539 0 94.75
0.013619 0 104.75
0.011699 0 94.75
0.011592 0 94.75
0.011707 0 94.75
0.011841 0 94.75
0.011437 0 94.75
0.01162 0 94.75
0.011423 0 94.75
0.011508 0 94.75
0.011325 0 94.75
0.011201 0 94.75
0.011405 0 94.75
0.013119 0 94.75
0.011392 0 104.75
0.011366 0 94.75
0.011394 0 94.75
0.011327 0 94.75
0.011355 0 94.75
0.011289 0 94.75
0.011498 0 94.75
0.011697 0 94.75
0.011369 0 94.75
0.011315 0 94.75
0.01153 0 94.75
0.011563 0 94.75
0.011544 0 94.75
0.011414 0 94.75
0.01134 0 94.75
0.011817 0 94.75
0.011473 0 94.75
0.011526 0 94.75
0.011775 0 94.75
0.011237 0 94.75
0.011623 0 94.75
0.011544 0 94.75
0.011577 0 94.75
0.012091 0 94.75
0.012017 0 94.75
0.016061 0 94.75
0.011597 0 94.75
0.012934 0 94.75
0.011552 0 94.75
0.011752 0 94.75
0.011801 0 94.75
0.011861 0 94.75
0.011593 0 94.75
0.011656 0 94.75
0.011623 0 94.75
0.011618 0 94.75
0.01163 0 94.75
0.011444 0 94.75
0.01161 0 94.75
0.011525 0 94.75
0.011485 0 94.75
0.01123 0 94.75
0.011144 0 94.75
0.011267 0 94.75
0.011246 0 94.75
0.01135 0 94.75
0.011339 0 94.75
0.011467 0 94.75
0.011512 0 94.75
0.01164 0 94.75
0.011408 0 94.75
0.011623 0 94.75
0.011583 0 94.75
0.011638 0 94.75
0.01162 0 94.75
0.011798 0 94.75
0.011495 0 94.75
0.011554 0 94.75
0.011444 0 94.75
0.011513 0 94.75
0.011492 0 94.75
0.011487 0 94.75
0.011699 0 94.75
0.015813 0 94.75
0.011723 0 104.75
0.012095 0 94.75
0.011694 0 94.75
0.011716 0 94.75
0.011645 0 94.75
