3.07351 1 3.75
3.06602 1 3.75
3.08755 1 3.75
3.15282 1 3.75
3.22099 1 3.75
3.19467 1 3.75
3.2635 1 3.75
3.51396 1 3.75
2.95936 1 3.75
2.97316 0 3.75
2.95343 1 3.75
3.00466 1 3.75
2.93213 1 3.75
2.96425 1 3.75
2.91579 1 3.75
2.93663 1 3.75
3.06202 1 3.75
3.19812 1 3.75
2.98993 1 3.75
3.12616 1 3.75
2.95763 1 3.75
3.06543 1 3.75
2.91765 0 5
2.94316 1 3.75
2.98274 1 3.75
2.94514 1 3.75
2.96735 1 3.75
3.27862 1 3.75
2.96772 1 3.75
2.95161 1 3.75
2.95349 1 3.75
2.98832 1 3.75
2.97903 1 3.75
2.99974 1 3.75
3.11716 1 3.75
3.35658 1 3.75
3.2436 1 3.75
4.03182 1 3.75
3.24942 1 3.75
3.14923 1 3.75
3.13645 1 3.75
3.10317 1 3.75
3.05856 1 3.75
3.11555 1 3.75
3.15315 1 3.75
3.04731 1 3.75
3.00608 1 3.75
3.05673 1 3.75
3.03277 1 3.75
3.12347 1 3.75
2.95346 1 3.75
2.95154 1 3.75
2.97828 1 3.75
2.96008 1 3.75
2.90008 1 3.75
2.96442 1 5
2.91147 1 3.75
2.9638 1 3.75
2.91269 1 5
2.9035 1 3.75
2.90909 1 3.75
2.89991 1 3.75
2.9026 1 3.75
2.8864 1 3.75
2.87413 1 3.75
2.87763 1 3.75
2.99885 1 3.75
2.91539 1 3.75
2.90996 1 3.75
2.9603 1 3.75
2.96955 1 3.75
2.96977 1 3.75
3.01046 1 3.75
2.98825 1 3.75
2.91061 1 3.75
2.96436 1 5
2.97338 1 3.75
3.01577 1 3.75
2.98413 1 3.75
2.996 1 3.75
2.99983 1 3.75
2.92959 1 3.75
2.8816 1 3.75
2.91703 1 3.75
2.93176 1 3.75
2.9476 1 3.75
2.98039 1 3.75
2.97857 1 3.75
2.92196 1 3.75
2.93998 1 3.75
3.02611 1 3.75
2.95478 1 3.75
2.9001 1 3.75
2.91671 0 6.25
3.01765 1 3.75
2.97722 1 3.75
2.89226 1 3.75
2.97019 1 3.75
2.94225 1 3.75
