0.226011 0 17
0.227097 0 17
0.221983 0 17
0.223831 0 17
0.219722 0 17
0.227157 0 17
0.224127 0 17
0.218813 0 17
0.218833 0 17
0.218393 0 17
0.218628 0 17
0.218015 0 17
0.223205 0 17
0.219691 0 17
0.246265 0 17
0.218788 0 17
0.220313 0 17
0.222829 0 17
0.230961 0 17
0.220519 0 17
0.234391 0 17
0.234086 0 17
0.224063 0 17
0.224878 0 17
0.221464 0 17
0.227114 0 17
0.222059 0 17
0.220501 0 17
0.224421 0 17
0.218721 0 17
0.231598 0 17
0.230248 0 17
0.218569 0 17
0.22129 0 17
0.218365 0 17
0.2187 0 17
0.221011 0 17
0.2211 0 17
0.220867 0 17
0.220089 0 17
0.219106 0 17
0.218055 0 17
0.218559 0 17
0.220736 0 17
0.219387 0 17
0.218011 0 17
0.222488 0 17
0.224924 0 17
0.229889 0 17
0.233632 0 17
0.224047 0 17
0.218214 0 17
0.22003 0 17
0.218299 0 17
0.218793 0 17
0.218606 0 17
0.225549 0 17
0.219427 0 17
0.219197 0 17
0.224295 0 17
0.224607 0 17
0.219846 0 17
0.218584 0 17
0.218081 0 17
0.217363 0 17
0.219414 0 17
0.21836 0 17
0.218371 0 17
0.217475 0 17
0.218633 0 17
0.226134 0 17
0.218542 0 17
0.21906 0 17
0.217545 0 17
0.220003 0 17
0.22226 0 17
0.21927 0 17
0.224881 0 17
0.227288 0 17
0.223253 0 17
0.220232 0 17
0.218271 0 17
0.218303 0 17
0.218622 0 17
0.21978 0 17
0.222079 0 17
0.222594 0 17
0.227523 0 17
0.21873 0 17
0.218549 0 17
0.218514 0 17
0.228333 0 17
0.233858 0 17
0.22818 0 17
0.220604 0 17
0.218425 0 17
0.220099 0 17
0.226076 0 17
0.217736 0 17
