0.029174 0 17
0.027446 0 17
0.028467 0 17
0.029114 0 17
0.028287 0 17
0.029905 0 17
0.028463 0 17
0.029567 0 17
0.028181 0 17
0.027874 0 17
0.027642 0 17
0.028621 0 17
0.027987 0 17
0.028019 0 17
0.027685 0 17
0.028588 0 17
0.02789 0 17
0.028645 0 17
0.027643 0 17
0.032558 0 17
0.028342 0 17
0.027801 0 17
0.028444 0 17
0.029917 0 17
0.027951 0 17
0.027891 0 17
0.028438 0 17
0.035538 0 17
0.028114 0 17
0.028027 0 17
0.02786 0 17
0.02809 0 17
0.027636 0 17
0.027683 0 17
0.027232 0 17
0.027888 0 17
0.028396 0 17
0.028317 0 17
0.02851 0 17
0.028886 0 17
0.028639 0 17
0.028332 0 17
0.027912 0 17
0.028953 0 17
0.02872 0 17
0.027662 0 17
0.027621 0 17
0.028462 0 17
0.027607 0 17
0.027399 0 17
0.027689 0 17
0.028954 0 17
0.028143 0 17
0.031547 0 17
0.028108 0 17
0.028572 0 17
0.027886 0 17
0.027855 0 17
0.028519 0 17
0.028889 0 17
0.027917 0 17
0.028014 0 17
0.027555 0 17
0.028675 0 17
0.028843 0 17
0.028296 0 17
0.027484 0 17
0.029094 0 17
0.027422 0 17
0.027279 0 17
0.027744 0 17
0.028587 0 17
0.030432 0 17
0.028417 0 17
0.028519 0 17
0.029296 0 17
0.02835 0 17
0.031795 0 17
0.028695 0 17
0.029846 0 17
0.029159 0 17
0.032281 0 17
0.027828 0 17
0.029273 0 17
0.028769 0 17
0.027848 0 17
0.028458 0 17
0.029409 0 17
0.02776 0 17
0.0281 0 17
0.027846 0 17
0.028998 0 17
0.027837 0 17
0.027808 0 17
0.028024 0 17
0.028858 0 17
0.027872 0 17
0.027655 0 17
0.02881 0 17
