0.017881 0 20
0.018138 0 20
0.019675 0 20
0.019697 0 20
0.017953 0 20
0.01804 0 20
0.018247 0 20
0.01826 0 20
0.018477 0 20
0.01858 0 20
0.017839 0 20
0.019275 0 20
0.018159 0 20
0.018471 0 20
0.018487 0 20
0.018757 0 20
0.018539 0 20
0.018296 0 20
0.018488 0 20
0.01821 0 20
0.018542 0 20
0.018332 0 20
0.018363 0 20
0.018428 0 20
0.018272 0 20
0.018139 0 20
0.018346 0 20
0.018985 0 20
0.018615 0 20
0.018366 0 20
0.018189 0 20
0.01814 0 20
0.018068 0 20
0.01855 0 20
0.018158 0 20
0.018118 0 20
0.018148 0 20
0.017905 0 20
0.017999 0 20
0.018585 0 20
0.018126 0 20
0.018064 0 20
0.018021 0 20
0.018019 0 20
0.018342 0 20
0.018364 0 20
0.018026 0 20
0.018944 0 20
0.017905 0 20
0.0181 0 20
0.017904 0 20
0.018367 0 20
0.018143 0 20
0.018115 0 20
0.018057 0 20
0.018096 0 20
0.017882 0 20
0.018269 0 20
0.017823 0 20
0.018052 0 20
0.021421 0 20
0.018573 0 20
0.017982 0 20
0.018456 0 20
0.018415 0 20
0.018312 0 20
0.017942 0 20
0.01824 0 20
0.018196 0 20
0.018528 0 20
0.018175 0 20
0.017959 0 20
0.01794 0 20
0.017974 0 20
0.017887 0 20
0.018456 0 20
0.01805 0 20
0.018153 0 20
0.017982 0 20
0.017847 0 20
0.017934 0 20
0.018374 0 20
0.018053 0 20
0.018011 0 20
0.018594 0 20
0.018319 0 20
0.018536 0 20
0.018412 0 20
0.01811 0 20
0.018138 0 20
0.017886 0 20
0.018176 0 20
0.017818 0 20
0.018345 0 20
0.017819 0 20
0.017869 0 20
0.018148 0 20
0.01802 0 20
0.017913 0 20
