0.011918 0 17
0.011693 0 17
0.011804 0 17
0.011755 0 17
0.011724 0 17
0.012983 0 17
0.012558 0 17
0.013361 0 17
0.013476 0 17
0.012441 0 17
0.012143 0 17
0.01297 0 17
0.012731 0 17
0.011787 0 17
0.012904 0 17
0.011728 0 17
0.011494 0 17
0.011547 0 17
0.011623 0 17
0.012486 0 17
0.011802 0 17
0.011827 0 17
0.011852 0 17
0.01196 0 17
0.011742 0 17
0.011787 0 17
0.011879 0 17
0.012804 0 17
0.012004 0 17
0.014735 0 17
0.011865 0 17
0.011523 0 17
0.01141 0 17
0.011735 0 17
0.012071 0 17
0.011909 0 17
0.011553 0 17
0.011599 0 17
0.011552 0 17
0.011593 0 17
0.011468 0 17
0.011434 0 17
0.012453 0 17
0.011854 0 17
0.011803 0 17
0.012076 0 17
0.011557 0 17
0.011716 0 17
0.01159 0 17
0.011498 0 17
0.011987 0 17
0.011853 0 17
0.011574 0 17
0.011507 0 17
0.011388 0 17
0.01157 0 17
0.011368 0 17
0.011573 0 17
0.01224 0 17
0.011682 0 17
0.011359 0 17
0.011457 0 17
0.011449 0 17
0.011908 0 17
0.011522 0 17
0.011567 0 17
0.012068 0 17
0.011618 0 17
0.011419 0 17
0.011322 0 17
0.011615 0 17
0.011517 0 17
0.011759 0 17
0.011369 0 17
0.011759 0 17
0.011844 0 17
0.012029 0 17
0.011596 0 17
0.0115 0 17
0.011336 0 17
0.012834 0 17
0.011362 0 17
0.012366 0 17
0.011499 0 17
0.011407 0 17
0.011403 0 17
0.011377 0 17
0.011352 0 17
0.011435 0 17
0.011643 0 17
0.012367 0 17
0.012021 0 17
0.011562 0 17
0.011798 0 17
0.011863 0 17
0.011743 0 17
0.011724 0 17
0.01181 0 17
0.012848 0 17
