0.012114 0 17
0.010976 0 17
0.011979 0 17
0.011159 0 17
0.011186 0 17
0.011642 0 17
0.011483 0 17
0.014604 0 17
0.012464 0 17
0.012422 0 17
0.011627 0 17
0.011984 0 17
0.011275 0 17
0.012104 0 17
0.014875 0 17
0.012027 0 17
0.012102 0 17
0.011484 0 17
0.011316 0 17
0.011425 0 17
0.012382 0 17
0.0109 0 17
0.01137 0 17
0.011685 0 17
0.011458 0 17
0.010945 0 17
0.011388 0 17
0.011061 0 17
0.010978 0 17
0.011423 0 17
0.014743 0 17
0.011839 0 17
0.012351 0 17
0.0118 0 17
0.011572 0 17
0.012174 0 17
0.011702 0 17
0.013059 0 17
0.012281 0 17
0.012172 0 17
0.012224 0 17
0.011536 0 17
0.01139 0 17
0.011643 0 17
0.011135 0 17
0.011728 0 17
0.011167 0 17
0.011493 0 17
0.011344 0 17
0.011381 0 17
0.011538 0 17
0.011188 0 17
0.011476 0 17
0.014403 0 17
0.012065 0 17
0.011333 0 17
0.012279 0 17
0.011401 0 17
0.012276 0 17
0.011227 0 17
0.012852 0 17
0.011343 0 17
0.011503 0 17
0.011655 0 17
0.012377 0 17
0.012806 0 17
0.011787 0 17
0.012079 0 17
0.012243 0 17
0.011967 0 17
0.011836 0 17
0.011583 0 17
0.012279 0 17
0.011852 0 17
0.011528 0 17
0.011578 0 17
0.011458 0 17
0.01192 0 17
0.012418 0 17
0.011812 0 17
0.012685 0 17
0.011236 0 17
0.011736 0 17
0.011428 0 17
0.011678 0 17
0.012374 0 17
0.011296 0 17
0.01196 0 17
0.01153 0 17
0.01197 0 17
0.011344 0 17
0.01209 0 17
0.011643 0 17
0.011498 0 17
0.011507 0 17
0.012151 0 17
0.01286 0 17
0.011663 0 17
0.01487 0 17
