0.120024 0 17
0.121849 0 17
0.115433 0 17
0.11757 0 17
0.119678 0 17
0.111459 0 17
0.117423 0 17
0.116655 0 17
0.118676 0 17
0.116755 0 17
0.113429 0 17
0.116432 0 17
0.112461 0 17
0.11357 0 17
0.112649 0 17
0.11291 0 17
0.114161 0 17
0.124777 0 17
0.115399 0 17
0.12014 0 17
0.117745 0 17
0.122092 0 17
0.119534 0 17
0.111702 0 17
0.110199 0 17
0.113426 0 17
0.110054 0 17
0.110591 0 17
0.112967 0 17
0.111359 0 17
0.117547 0 17
0.112386 0 17
0.118753 0 17
0.114973 0 17
0.116837 0 17
0.11459 0 17
0.113655 0 17
0.115782 0 17
0.109392 0 17
0.109975 0 17
0.111199 0 17
0.111734 0 17
0.114836 0 17
0.113174 0 17
0.112187 0 17
0.112222 0 17
0.11092 0 17
0.110846 0 17
0.112986 0 17
0.113816 0 17
0.115825 0 17
0.114811 0 17
0.115908 0 17
0.111975 0 17
0.111178 0 17
0.110669 0 17
0.110374 0 17
0.11105 0 17
0.111982 0 17
0.112697 0 17
0.111738 0 17
0.112061 0 17
0.112699 0 17
0.111241 0 17
0.114718 0 17
0.116181 0 17
0.115014 0 17
0.116235 0 17
0.114374 0 17
0.110465 0 17
0.113748 0 17
0.114336 0 17
0.118025 0 17
0.117019 0 17
0.111992 0 17
0.116164 0 17
0.112137 0 17
0.112537 0 17
0.112803 0 17
0.11396 0 17
0.109392 0 17
0.110187 0 17
0.1102 0 17
0.10938 0 17
0.110292 0 17
0.117338 0 17
0.110282 0 17
0.117515 0 17
0.117858 0 17
0.118644 0 17
0.116584 0 17
0.11476 0 17
0.11008 0 17
0.109998 0 17
0.109057 0 17
0.109379 0 17
0.116617 0 17
0.121863 0 17
0.116614 0 17
