0.057274 0 94.75
0.058075 0 94.75
0.056131 0 94.75
0.056372 0 94.75
0.056297 0 94.75
0.056349 0 94.75
0.055863 0 94.75
0.060772 0 94.75
0.057476 0 94.75
0.06665 0 94.75
0.057504 0 94.75
0.071322 0 94.75
0.057474 0 94.75
0.057032 0 94.75
0.056866 0 94.75
0.056906 0 94.75
0.05649 0 94.75
0.060098 0 94.75
0.05648 0 94.75
0.059808 0 94.75
0.0569 0 94.75
0.056323 0 94.75
0.055601 0 94.75
0.058564 0 94.75
0.05637 0 94.75
0.056376 0 94.75
0.057049 0 94.75
0.06076 0 94.75
0.057162 0 94.75
0.056408 0 94.75
0.056541 0 94.75
0.056737 0 94.75
0.056409 0 94.75
0.056923 0 94.75
0.056446 0 94.75
0.058827 0 94.75
0.056299 0 94.75
0.056664 0 94.75
0.056932 0 94.75
0.056888 0 94.75
0.056703 0 94.75
0.05651 0 94.75
0.057009 0 94.75
0.057275 0 94.75
0.056609 0 94.75
0.057365 0 94.75
0.056541 0 94.75
0.057392 0 94.75
0.056502 0 94.75
0.057391 0 94.75
0.056484 0 94.75
0.056971 0 94.75
0.056743 0 94.75
0.056408 0 94.75
0.056272 0 94.75
0.056048 0 94.75
0.059712 0 94.75
0.058487 0 94.75
0.056953 0 94.75
0.056751 0 94.75
0.057311 0 94.75
0.057129 0 94.75
0.057244 0 94.75
0.056836 0 94.75
0.058572 0 94.75
0.056605 0 94.75
0.056276 0 94.75
0.056385 0 94.75
0.056302 0 94.75
0.056473 0 94.75
0.056635 0 94.75
0.056451 0 94.75
0.060124 0 94.75
0.05679 0 94.75
0.056311 0 94.75
0.056663 0 94.75
0.056399 0 94.75
0.057284 0 94.75
0.057131 0 94.75
0.060321 0 94.75
0.056459 0 94.75
0.056666 0 94.75
0.056607 0 94.75
0.05702 0 94.75
0.057247 0 94.75
0.056412 0 94.75
0.05638 0 94.75
0.056788 0 94.75
0.056219 0 94.75
0.056323 0 94.75
0.055877 0 94.75
0.059974 0 94.75
0.056908 0 94.75
0.06066 0 94.75
0.061147 0 94.75
0.057473 0 94.75
0.057549 0 94.75
0.056401 0 94.75
0.056449 0 94.75
