0.005466 0 20
0.004763 0 20
0.004825 0 20
0.004758 0 20
0.004745 0 20
0.004734 0 20
0.004814 0 20
0.00468 0 20
0.004662 0 20
0.004822 0 20
0.004717 0 20
0.004712 0 20
0.004725 0 20
0.004732 0 20
0.004769 0 20
0.004681 0 20
0.004716 0 20
0.004849 0 20
0.004645 0 20
0.004689 0 20
0.004806 0 20
0.004681 0 20
0.004883 0 20
0.004733 0 20
0.004636 0 20
0.004814 0 20
0.004911 0 20
0.004734 0 20
0.00479 0 20
0.004706 0 20
0.004777 0 20
0.004678 0 20
0.004697 0 20
0.004826 0 20
0.004747 0 20
0.004695 0 20
0.004969 0 20
0.004659 0 20
0.004627 0 20
0.004977 0 20
0.004691 0 20
0.004824 0 20
0.004694 0 20
0.004707 0 20
0.004805 0 20
0.004713 0 20
0.004767 0 20
0.004689 0 20
0.004712 0 20
0.004719 0 20
0.004739 0 20
0.004825 0 20
0.004905 0 20
0.004727 0 20
0.004723 0 20
0.004908 0 20
0.004694 0 20
0.004719 0 20
0.004741 0 20
0.004761 0 20
0.004794 0 20
0.004655 0 20
0.004642 0 20
0.004824 0 20
0.004682 0 20
0.004745 0 20
0.004679 0 20
0.004791 0 20
0.004965 0 20
0.004578 0 20
0.004615 0 20
0.004798 0 20
0.004733 0 20
0.00465 0 20
0.004663 0 20
0.004654 0 20
0.00466 0 20
0.004666 0 20
0.004631 0 20
0.004679 0 20
0.004613 0 20
0.004634 0 20
0.004658 0 20
0.004655 0 20
0.004778 0 20
0.004905 0 20
0.004647 0 20
0.00481 0 20
0.004795 0 20
0.004825 0 20
0.004734 0 20
0.004723 0 20
0.004848 0 20
0.004837 0 20
0.004676 0 20
0.00473 0 20
0.004774 0 20
0.004708 0 20
0.004666 0 20
