0.056738 0 94.75
0.058251 0 94.75
0.05618 0 94.75
0.057313 0 94.75
0.05675 0 94.75
0.059838 0 94.75
0.056634 0 94.75
0.056966 0 94.75
0.057046 0 94.75
0.056395 0 94.75
0.056857 0 94.75
0.057473 0 94.75
0.056447 0 94.75
0.058055 0 94.75
0.056244 0 94.75
0.057079 0 94.75
0.056203 0 94.75
0.056607 0 94.75
0.055932 0 94.75
0.056419 0 94.75
0.057258 0 94.75
0.056679 0 94.75
0.056521 0 94.75
0.056841 0 94.75
0.056529 0 94.75
0.056517 0 94.75
0.055922 0 94.75
0.059316 0 94.75
0.058136 0 94.75
0.058272 0 94.75
0.056877 0 94.75
0.056685 0 94.75
0.059994 0 94.75
0.056862 0 94.75
0.05676 0 94.75
0.057554 0 94.75
0.06003 0 94.75
0.060513 0 94.75
0.056715 0 94.75
0.060067 0 94.75
0.056603 0 94.75
0.056697 0 94.75
0.056022 0 94.75
0.056788 0 94.75
0.059925 0 94.75
0.056831 0 94.75
0.056823 0 94.75
0.056779 0 94.75
0.057393 0 94.75
0.056669 0 94.75
0.05741 0 94.75
0.056986 0 94.75
0.05678 0 94.75
0.060015 0 94.75
0.056463 0 94.75
0.056956 0 94.75
0.056359 0 94.75
0.056725 0 94.75
0.056933 0 94.75
0.058545 0 94.75
0.060498 0 94.75
0.060455 0 94.75
0.059758 0 94.75
0.058286 0 94.75
0.056931 0 94.75
0.057105 0 94.75
0.057059 0 94.75
0.05733 0 94.75
0.057087 0 94.75
0.056834 0 94.75
0.05706 0 94.75
0.056978 0 94.75
0.056619 0 94.75
0.056509 0 94.75
0.056993 0 94.75
0.061893 0 94.75
0.056592 0 94.75
0.060789 0 94.75
0.056954 0 94.75
0.057165 0 94.75
0.057226 0 94.75
0.056924 0 94.75
0.065203 0 94.75
0.058141 0 94.75
0.057519 0 94.75
0.056598 0 94.75
0.057315 0 94.75
0.057126 0 94.75
0.056322 0 94.75
0.056919 0 94.75
0.056322 0 94.75
0.060209 0 94.75
0.060069 0 94.75
0.058506 0 94.75
0.059345 0 94.75
0.056942 0 94.75
0.057009 0 94.75
0.058044 0 94.75
0.057251 0 94.75
