2.21358 0 5
2.19911 1 5
2.19911 0 3.75
2.20138 1 3.75
2.19704 1 3.75
2.19505 1 3.75
2.19806 0 5
2.20481 1 5
2.19765 1 3.75
2.22978 0 3.75
2.20722 0 3.75
2.20129 1 3.75
2.20506 1 3.75
2.20147 0 5
2.19401 1 6.25
2.1951 1 3.75
2.19002 0 5
2.19349 0 3.75
2.1847 1 3.75
2.18735 1 5
2.20385 1 3.75
2.20265 0 3.75
2.19599 0 3.75
2.20221 1 3.75
2.1943 0 3.75
2.1913 0 5
2.22021 1 3.75
2.20214 1 5
2.18961 0 3.75
2.20815 0 3.75
2.19736 0 6.25
2.19941 1 3.75
2.20585 0 6.25
2.19549 1 3.75
2.19153 1 5
2.20278 0 3.75
2.19719 0 3.75
2.19919 0 3.75
2.20774 0 5
2.19925 0 3.75
2.19438 0 5
2.19479 0 3.75
2.19995 1 3.75
2.19818 1 3.75
2.19285 0 5.75
2.20692 1 3.75
2.2166 1 5
2.18758 2 3.75
2.18625 0 5
2.2162 1 3.75
2.19701 0 5
2.20079 1 5
2.20802 1 3.75
2.20298 1 3.75
2.19699 0 3.75
2.19988 1 3.75
2.21153 0 5
2.21257 1 3.75
2.19862 0 3.75
2.20728 1 3.75
2.2011 0 3.75
2.19434 0 3.75
2.19597 1 3.75
2.20575 0 5
2.19749 0 5
2.19711 1 3.75
2.19589 1 3.75
2.19825 1 5
2.21428 0 3.75
2.19746 0 5.75
2.20314 1 3.75
2.20795 0 5
2.21003 0 5
2.20701 1 3.75
2.20117 1 3.75
2.21529 0 5
2.20064 0 6.25
2.20828 1 3.75
2.20928 0 3.75
2.20047 0 5
2.20121 1 3.75
2.20076 1 3.75
2.19914 0 5
2.20622 0 6.25
2.1902 1 5
2.19576 1 3.75
2.20307 1 3.75
2.19293 1 3.75
2.19454 1 3.75
2.19459 1 5
2.19054 0 6.25
2.19413 0 3.75
2.19492 0 5
2.20274 1 3.75
2.21455 1 5
2.20367 1 3.75
2.19558 1 3.75
2.20443 0 3.75
2.19734 1 3.75
