0.060097 0 17
0.057239 0 17
0.058798 0 17
0.063141 0 17
0.056761 0 17
0.059546 0 17
0.056152 0 17
0.057634 0 17
0.055276 0 17
0.059767 0 17
0.059918 0 17
0.059449 0 17
0.056255 0 17
0.056673 0 17
0.054842 0 17
0.057366 0 17
0.056145 0 17
0.056532 0 17
0.056545 0 17
0.057246 0 17
0.059151 0 17
0.057753 0 17
0.05544 0 17
0.058966 0 17
0.055303 0 17
0.056968 0 17
0.05439 0 17
0.061577 0 17
0.057692 0 17
0.064568 0 17
0.059727 0 17
0.059648 0 17
0.056084 0 17
0.059923 0 17
0.059165 0 17
0.059631 0 17
0.055506 0 17
0.060255 0 17
0.055185 0 17
0.056463 0 17
0.055203 0 17
0.056504 0 17
0.055459 0 17
0.055885 0 17
0.055042 0 17
0.056216 0 17
0.05833 0 17
0.057278 0 17
0.054911 0 17
0.058251 0 17
0.056934 0 17
0.057393 0 17
0.060505 0 17
0.061298 0 17
0.056738 0 17
0.059804 0 17
0.05832 0 17
0.058342 0 17
0.055534 0 17
0.057568 0 17
0.060192 0 17
0.069635 0 17
0.060377 0 17
0.060744 0 17
0.058209 0 17
0.061438 0 17
0.058901 0 17
0.058712 0 17
0.056787 0 17
0.055776 0 17
0.055144 0 17
0.05549 0 17
0.059903 0 17
0.056544 0 17
0.05626 0 17
0.057197 0 17
0.056628 0 17
0.057029 0 17
0.05699 0 17
0.059671 0 17
0.057802 0 17
0.056429 0 17
0.056938 0 17
0.057266 0 17
0.059514 0 17
0.056384 0 17
0.056333 0 17
0.061153 0 17
0.056833 0 17
0.057304 0 17
0.059528 0 17
0.059668 0 17
0.060114 0 17
0.058596 0 17
0.060281 0 17
0.059485 0 17
0.06123 0 17
0.060407 0 17
0.056161 0 17
