0.011498 0 94.75
0.011373 0 94.75
0.012587 0 94.75
0.011172 0 94.75
0.01165 0 94.75
0.01145 0 94.75
0.011507 0 94.75
0.011268 0 94.75
0.011256 0 94.75
0.011287 0 94.75
0.011478 0 94.75
0.011953 0 94.75
0.011705 0 94.75
0.011354 0 94.75
0.011471 0 94.75
0.01156 0 94.75
0.011338 0 94.75
0.011369 0 94.75
0.011709 0 94.75
0.0114 0 94.75
0.011734 0 94.75
0.011371 0 94.75
0.011338 0 94.75
0.011455 0 94.75
0.011513 0 94.75
0.0115 0 94.75
0.01167 0 94.75
0.011846 0 94.75
0.01156 0 94.75
0.01136 0 94.75
0.011329 0 94.75
0.011503 0 94.75
0.011449 0 94.75
0.011668 0 94.75
0.011619 0 94.75
0.011355 0 94.75
0.011217 0 94.75
0.011314 0 94.75
0.011488 0 94.75
0.011488 0 94.75
0.011522 0 94.75
0.012215 0 94.75
0.011814 0 94.75
0.011485 0 94.75
0.011808 0 94.75
0.0116 0 94.75
0.011707 0 94.75
0.011609 0 94.75
0.011345 0 94.75
0.011672 0 94.75
0.014586 0 94.75
0.011764 0 94.75
0.011659 0 94.75
0.011382 0 94.75
0.011289 0 94.75
0.011393 0 94.75
0.011573 0 94.75
0.011559 0 94.75
0.011465 0 94.75
0.011563 0 94.75
0.011401 0 94.75
0.011446 0 94.75
0.011497 0 94.75
0.011358 0 94.75
0.011489 0 94.75
0.011626 0 94.75
0.011429 0 94.75
0.011424 0 94.75
0.011312 0 94.75
0.011283 0 94.75
0.011528 0 94.75
0.011396 0 94.75
0.011526 0 94.75
0.011555 0 94.75
0.011299 0 94.75
0.011684 0 94.75
0.011532 0 94.75
0.011474 0 94.75
0.011254 0 94.75
0.011434 0 94.75
0.011585 0 94.75
0.011708 0 94.75
0.011381 0 94.75
0.011416 0 94.75
0.011448 0 94.75
0.011538 0 94.75
0.011263 0 94.75
0.011435 0 94.75
0.011524 0 94.75
0.011663 0 94.75
0.011538 0 94.75
0.011527 0 94.75
0.011407 0 94.75
0.011589 0 94.75
0.01167 0 94.75
0.011621 0 94.75
0.011647 0 94.75
0.011588 0 94.75
0.011459 0 94.75
