0.827822 0 5
0.822813 0 8.25
0.772976 1 5
0.823145 1 5
0.772158 1 5
0.77775 2 3.75
0.790273 1 3.75
0.781581 1 6.25
0.769358 1 6.25
0.773833 1 9
0.73587 1 6.25
0.762181 2 3.75
0.779749 1 8.25
0.799395 0 5
0.775146 1 3.75
0.782387 0 17
0.782772 1 5
0.771662 1 3.75
0.797923 0 6.25
0.807007 0 7
0.820275 1 3.75
0.807283 1 3.75
0.79842 1 5
0.793218 0 9
0.797207 1 7
0.780358 1 3.75
0.779574 0 7.75
0.790891 1 6.25
0.788634 1 5
0.791107 0 9
0.777604 1 5
0.768488 0 3.75
0.789105 2 3.75
0.790853 1 5
0.756762 1 5
0.776681 1 5
0.787792 1 5
0.78894 1 6.25
0.817655 1 3.75
0.858203 1 11
0.858639 1 5.75
0.806376 2 3.75
0.753132 1 5
0.786035 0 15.75
0.833309 0 5
0.801518 0 10.25
0.841149 1 8.25
0.819913 0 12.25
0.814798 1 5
0.794038 1 5
0.793992 1 5
0.787841 1 5
0.811863 0 7
0.813125 1 3.75
0.816986 1 11
0.813596 0 5
0.803437 0 5
0.807481 1 3.75
0.760971 1 7
0.762699 0 5
0.726355 0 5.75
0.7544 1 3.75
0.784875 1 5
0.754164 1 3.75
0.716479 1 5.75
0.707607 0 5
0.801879 1 5
0.751563 1 5
0.702402 1 7
0.733977 2 3.75
0.72246 1 3.75
0.72594 0 5
0.784441 0 3.75
0.752282 1 3.75
0.730604 1 3.75
0.765993 1 7
0.718045 0 12.25
0.785347 0 7
0.873262 1 6.25
0.702971 2 3.75
0.753031 1 5
0.755784 0 5
0.761073 1 3.75
0.745835 1 9.75
0.778087 1 3.75
0.769021 0 7
0.763341 1 5
0.733716 0 7.5
0.756684 0 9
0.722169 1 6.25
0.735644 1 5
0.721291 1 7.75
0.759325 0 14.25
0.761646 1 6.25
0.728091 1 5
0.701455 1 11.5
0.731186 1 6.25
0.738257 1 5
0.757367 1 6.25
