0.05694 0 94.75
0.056345 0 94.75
0.056631 0 94.75
0.05588 0 94.75
0.056214 0 94.75
0.055819 0 94.75
0.056524 0 94.75
0.056924 0 94.75
0.0567 0 94.75
0.056316 0 94.75
0.056471 0 94.75
0.056331 0 94.75
0.057383 0 94.75
0.055413 0 94.75
0.056567 0 94.75
0.057098 0 94.75
0.060045 0 94.75
0.056308 0 94.75
0.059994 0 94.75
0.056337 0 94.75
0.05646 0 94.75
0.056012 0 94.75
0.056533 0 94.75
0.056118 0 94.75
0.056619 0 94.75
0.059536 0 94.75
0.060983 0 94.75
0.056865 0 94.75
0.060296 0 94.75
0.056447 0 94.75
0.056767 0 94.75
0.056609 0 94.75
0.056415 0 94.75
0.056803 0 94.75
0.056645 0 94.75
0.05644 0 94.75
0.056502 0 94.75
0.056563 0 94.75
0.056508 0 94.75
0.055975 0 94.75
0.057117 0 94.75
0.056178 0 94.75
0.059436 0 94.75
0.056371 0 94.75
0.059927 0 94.75
0.056753 0 94.75
0.056684 0 94.75
0.056441 0 94.75
0.056874 0 94.75
0.057267 0 94.75
0.05687 0 94.75
0.056316 0 94.75
0.056573 0 94.75
0.055943 0 94.75
0.056319 0 94.75
0.05612 0 94.75
0.056225 0 94.75
0.056593 0 94.75
0.056775 0 94.75
0.055958 0 94.75
0.059164 0 94.75
0.056 0 94.75
0.056697 0 94.75
0.056522 0 94.75
0.056427 0 94.75
0.05657 0 94.75
0.056232 0 94.75
0.05969 0 94.75
0.057651 0 94.75
0.056406 0 94.75
0.056456 0 94.75
0.0563 0 94.75
0.056722 0 94.75
0.056784 0 94.75
0.057519 0 94.75
0.058493 0 94.75
0.056669 0 94.75
0.059732 0 94.75
0.057238 0 94.75
0.059358 0 94.75
0.057138 0 94.75
0.056501 0 94.75
0.056544 0 94.75
0.059405 0 94.75
0.05718 0 94.75
0.056176 0 94.75
0.056808 0 94.75
0.056211 0 94.75
0.056692 0 94.75
0.056254 0 94.75
0.060189 0 94.75
0.059563 0 94.75
0.056692 0 94.75
0.061637 0 94.75
0.05698 0 94.75
0.056748 0 94.75
0.059126 0 94.75
0.056774 0 94.75
0.056188 0 94.75
