1.13489 2 3.75
1.11318 0 3.75
1.11296 1 3.75
1.1172 1 3.75
1.11074 1 3.75
1.11898 1 5
1.10906 2 5
1.14424 1 3.75
1.11039 1 3.75
1.14379 1 3.75
1.11035 1 3.75
1.1162 1 5
1.11509 1 3.75
1.11645 1 3.75
1.11252 1 5
1.11623 2 3.75
1.12075 2 3.75
1.11578 2 3.75
1.11334 0 5
1.11949 2 5
1.11501 0 3.75
1.11987 1 3.75
1.11231 2 3.75
1.1301 1 3.75
1.11623 1 3.75
1.11736 1 5
1.10857 0 5
1.11184 1 3.75
1.1113 1 5
1.11802 1 6.25
1.10796 1 6.25
1.11089 2 3.75
1.11454 2 3.75
1.11782 1 5
1.11444 1 5
1.11486 2 3.75
1.11225 2 3.75
1.11503 1 3.75
1.11066 1 3.75
1.11936 0 3.75
1.11607 1 5
1.1193 1 3.75
1.11594 1 5
1.11404 0 3.75
1.16252 2 3.75
1.11834 1 3.75
1.11139 1 5
1.11722 1 3.75
1.11284 1 3.75
1.12698 1 3.75
1.11458 1 3.75
1.12168 2 3.75
1.11344 1 5
1.11232 1 5
1.11682 2 3.75
1.11797 1 3.75
1.10736 0 5
1.11646 2 3.75
1.11336 1 5
1.12306 1 3.75
1.1106 1 3.75
1.11351 1 5
1.11501 2 3.75
1.11884 2 3.75
1.11563 1 5
1.1179 3 3.75
1.11776 2 5
1.12134 1 5
1.11379 1 3.75
1.11726 1 3.75
1.11442 1 3.75
1.12499 2 3.75
1.11399 1 5
1.12365 0 6.25
1.11541 1 3.75
1.11449 2 3.75
1.11153 1 6.25
1.11805 1 3.75
1.11643 2 3.75
1.11235 1 3.75
1.11288 1 3.75
1.12813 1 3.75
1.11119 1 3.75
1.12739 1 5
1.10824 1 5
1.12688 0 5
1.1098 1 3.75
1.12677 2 3.75
1.11233 0 3.75
1.11593 1 5
1.11325 1 3.75
1.11801 1 5
1.1118 1 3.75
1.12854 2 3.75
1.10971 0 7.5
1.1186 2 3.75
1.11578 1 3.75
1.12175 2 3.75
1.11414 0 5
