0.056881 0 17
0.057268 0 17
0.057491 0 17
0.057834 0 17
0.056693 0 17
0.055471 0 17
0.05509 0 17
0.057755 0 17
0.055241 0 17
0.059718 0 17
0.055013 0 17
0.057326 0 17
0.054917 0 17
0.059634 0 17
0.056006 0 17
0.055616 0 17
0.05582 0 17
0.055927 0 17
0.056361 0 17
0.056038 0 17
0.055706 0 17
0.056433 0 17
0.059733 0 17
0.057657 0 17
0.056122 0 17
0.05688 0 17
0.055864 0 17
0.056454 0 17
0.05534 0 17
0.055969 0 17
0.05908 0 17
0.056719 0 17
0.055057 0 17
0.056429 0 17
0.056539 0 17
0.056062 0 17
0.058893 0 17
0.062074 0 17
0.057258 0 17
0.060734 0 17
0.071415 0 17
0.0676 0 17
0.059028 0 17
0.060143 0 17
0.06044 0 17
0.059615 0 17
0.056853 0 17
0.057985 0 17
0.054633 0 17
0.055889 0 17
0.054851 0 17
0.057677 0 17
0.061395 0 17
0.059333 0 17
0.060031 0 17
0.058681 0 17
0.061094 0 17
0.060077 0 17
0.058015 0 17
0.062564 0 17
0.057721 0 17
0.05775 0 17
0.056948 0 17
0.057592 0 17
0.059282 0 17
0.057956 0 17
0.064035 0 17
0.057419 0 17
0.055084 0 17
0.056715 0 17
0.056368 0 17
0.0574 0 17
0.056867 0 17
0.059961 0 17
0.0595 0 17
0.061321 0 17
0.060448 0 17
0.060492 0 17
0.061339 0 17
0.061309 0 17
0.060472 0 17
0.064048 0 17
0.056587 0 17
0.060005 0 17
0.054678 0 17
0.059674 0 17
0.058521 0 17
0.057605 0 17
0.060789 0 17
0.057584 0 17
0.056221 0 17
0.058621 0 17
0.055859 0 17
0.063163 0 17
0.061318 0 17
0.061262 0 17
0.060483 0 17
0.056144 0 17
0.059782 0 17
