0.112385 0 94.75
0.112832 0 94.75
0.118068 0 94.75
0.112097 0 94.75
0.115212 0 94.75
0.120327 0 94.75
0.112085 0 94.75
0.116401 0 94.75
0.116283 0 94.75
0.115785 0 94.75
0.11238 0 94.75
0.115172 0 94.75
0.112892 0 94.75
0.114495 0 94.75
0.116399 0 94.75
0.112248 0 94.75
0.115484 0 94.75
0.113814 0 94.75
0.121003 0 94.75
0.113785 0 94.75
0.111897 0 94.75
0.111915 0 94.75
0.112165 0 94.75
0.112786 0 94.75
0.11709 0 94.75
0.1142 0 94.75
0.112357 0 94.75
0.112039 0 94.75
0.113381 0 94.75
0.118335 0 94.75
0.115336 0 94.75
0.112774 0 94.75
0.115558 0 94.75
0.112465 0 94.75
0.116418 0 94.75
0.112721 0 94.75
0.112894 0 94.75
0.11223 0 94.75
0.112219 0 94.75
0.112477 0 94.75
0.113011 0 94.75
0.118419 0 94.75
0.112937 0 94.75
0.112313 0 94.75
0.112574 0 94.75
0.112384 0 94.75
0.112144 0 94.75
0.112888 0 94.75
0.112209 0 94.75
0.114778 0 94.75
0.112716 0 94.75
0.112336 0 94.75
0.113861 0 94.75
0.111592 0 94.75
0.118624 0 94.75
0.114622 0 94.75
0.117765 0 94.75
0.11421 0 94.75
0.113186 0 94.75
0.114161 0 94.75
0.11189 0 94.75
0.118078 0 94.75
0.113805 0 94.75
0.122429 0 94.75
0.112684 0 94.75
0.118507 0 94.75
0.116658 0 94.75
0.118305 0 94.75
0.112612 0 94.75
0.112855 0 94.75
0.11755 0 94.75
0.115718 0 94.75
0.114315 0 94.75
0.114502 0 94.75
0.111587 0 94.75
0.117905 0 94.75
0.113721 0 94.75
0.116063 0 94.75
0.11191 0 94.75
0.118855 0 94.75
0.112842 0 94.75
0.112005 0 94.75
0.111841 0 94.75
0.112785 0 94.75
0.117028 0 94.75
0.112703 0 94.75
0.113492 0 94.75
0.11255 0 94.75
0.111668 0 94.75
0.112019 0 94.75
0.117302 0 94.75
0.113471 0 94.75
0.116995 0 94.75
0.113231 0 94.75
0.112324 0 94.75
0.112471 0 94.75
0.12021 0 94.75
0.112738 0 94.75
0.111955 0 94.75
