0.00471 0 20
0.004734 0 20
0.004695 0 20
0.004802 0 20
0.004756 0 20
0.005188 0 20
0.004736 0 20
0.004759 0 20
0.004744 0 20
0.004854 0 20
0.004647 0 20
0.004805 0 20
0.004835 0 20
0.004698 0 20
0.004772 0 20
0.00469 0 20
0.004669 0 20
0.004902 0 20
0.004666 0 20
0.00475 0 20
0.004871 0 20
0.004627 0 20
0.004848 0 20
0.004582 0 20
0.004544 0 20
0.004848 0 20
0.004538 0 20
0.004673 0 20
0.004908 0 20
0.004696 0 20
0.004783 0 20
0.004732 0 20
0.004676 0 20
0.004825 1 20
0.004661 0 20
0.004663 0 20
0.00488 0 20
0.004721 0 20
0.004786 0 20
0.004804 0 20
0.004581 0 20
0.004574 0 20
0.004561 0 20
0.004496 0 20
0.004692 0 20
0.004677 0 20
0.004803 0 20
0.004758 0 20
0.004684 0 20
0.00476 0 20
0.004801 0 20
0.004748 0 20
0.004762 0 20
0.004704 0 20
0.004768 0 20
0.004851 0 20
0.004817 0 20
0.004672 0 20
0.004586 0 20
0.004764 0 20
0.004519 0 20
0.004762 0 20
0.004547 0 20
0.00467 0 20
0.004546 0 20
0.005261 0 20
0.004723 0 20
0.004841 0 20
0.004745 0 20
0.004748 1 20
0.005705 0 20
0.006222 0 20
0.005181 0 20
0.004766 0 20
0.004668 0 20
0.004724 0 20
0.004781 0 20
0.004745 0 20
0.004759 0 20
0.004725 0 20
0.004644 0 20
0.004832 0 20
0.00473 0 20
0.004841 0 20
0.00468 0 20
0.004689 0 20
0.00603 0 20
0.004729 0 20
0.00469 0 20
0.00491 0 20
0.0047 0 20
0.004679 0 20
0.004829 0 20
0.004674 0 20
0.004631 0 20
0.004728 0 20
0.004508 0 20
0.004605 0 20
0.004667 0 20
