5.65555 0 3.75
5.65991 0 3.75
5.82139 0 3.75
5.66507 1 3.75
5.55506 1 3.75
5.58093 1 3.75
5.54719 0 3.75
5.558 1 3.75
5.64133 0 6.25
5.76224 1 3.75
5.85122 1 3.75
6.24619 0 3.75
6.0233 0 6.25
6.10622 0 5
5.78705 0 3.75
5.66274 0 3.75
5.75821 0 3.75
5.72173 0 3.75
5.70587 0 5
5.69928 0 3.75
5.75005 0 3.75
5.56187 1 3.75
5.58152 0 3.75
5.54417 1 3.75
5.79111 1 3.75
6.21209 1 3.75
6.34377 0 5
6.21923 0 5
5.7558 1 3.75
6.13972 0 5
6.48713 1 5
6.50251 0 3.75
6.11751 1 3.75
6.14502 0 3.75
6.10562 1 3.75
6.18785 1 3.75
5.73924 0 3.75
5.62452 1 3.75
5.58004 0 3.75
5.56217 0 3.75
5.64508 1 3.75
5.54932 0 6.25
5.5597 1 3.75
5.53877 0 3.75
5.53633 0 3.75
5.56339 1 3.75
5.55557 1 3.75
5.55431 1 3.75
5.57096 1 3.75
5.56234 0 3.75
5.64145 1 3.75
5.62922 0 6.25
5.80178 0 5
5.71591 0 5
5.73991 1 3.75
5.82748 0 7.5
5.76779 0 3.75
5.77015 1 3.75
5.76907 0 5
5.73937 0 3.75
5.6932 1 3.75
5.71288 0 5
5.71678 0 3.75
5.70951 0 3.75
5.71867 0 3.75
5.58388 1 3.75
5.57288 0 5
5.57242 1 3.75
5.69418 0 5
5.56248 1 3.75
5.55897 1 3.75
5.56018 0 5
5.68908 0 3.75
5.54422 0 3.75
5.56239 0 6.25
5.56562 0 5
5.56729 0 3.75
5.55242 1 3.75
5.57053 1 3.75
5.5664 0 3.75
5.6249 1 3.75
5.67064 0 6.25
5.80437 0 5.75
5.5651 0 3.75
5.56227 0 5
5.5916 0 5
5.58904 1 3.75
5.57569 0 5
5.84504 0 3.75
5.76747 0 3.75
5.67349 0 3.75
5.70961 1 3.75
5.66571 1 3.75
5.70895 1 3.75
5.64608 0 7.5
5.6862 0 5
5.78712 0 5
5.66668 0 5
5.58539 0 5
