0.023265 0 20
0.023222 0 20
0.023889 0 20
0.023461 0 20
0.023011 0 20
0.025904 0 20
0.023279 0 20
0.022714 0 20
0.022699 0 20
0.022755 0 20
0.022576 0 20
0.023145 0 20
0.022584 0 20
0.022837 0 20
0.023233 0 20
0.023678 0 20
0.023122 0 20
0.023369 0 20
0.023104 0 20
0.023076 0 20
0.0229 0 20
0.023707 0 20
0.022935 0 20
0.022828 0 20
0.023639 0 20
0.02378 0 20
0.023132 0 20
0.022895 0 20
0.022938 0 20
0.0228 0 20
0.022974 0 20
0.023324 0 20
0.023061 0 20
0.022901 0 20
0.023019 0 20
0.022873 0 20
0.02312 0 20
0.022941 0 20
0.023112 0 20
0.022833 0 20
0.023007 0 20
0.023137 0 20
0.023049 0 20
0.022798 0 20
0.023211 0 20
0.022861 0 20
0.023918 0 20
0.023055 0 20
0.022825 0 20
0.023569 0 20
0.023319 0 20
0.024009 0 20
0.024686 0 20
0.025636 0 20
0.024103 0 20
0.02691 0 20
0.024362 0 20
0.02428 0 20
0.024332 0 20
0.024058 0 20
0.024406 0 20
0.024655 0 20
0.024071 0 20
0.025106 0 20
0.025908 0 20
0.024677 0 20
0.027161 0 20
0.025231 0 20
0.024416 0 20
0.024246 0 20
0.024338 0 20
0.024794 0 20
0.024103 0 20
0.025098 0 20
0.024739 0 20
0.024913 0 20
0.024213 0 20
0.024243 0 20
0.02466 0 20
0.024997 0 20
0.023567 0 20
0.023809 0 20
0.025129 0 20
0.024605 0 20
0.024567 0 20
0.024068 0 20
0.024013 0 20
0.024292 0 20
0.024577 0 20
0.024148 0 20
0.025609 0 20
0.025103 0 20
0.024835 0 20
0.025233 0 20
0.024664 0 20
0.025873 0 20
0.027103 0 20
0.024583 0 20
0.024028 0 20
