0.005834 0 17
0.005876 0 17
0.005968 0 17
0.006856 0 17
0.005884 0 17
0.005849 0 17
0.00603 0 17
0.006538 0 17
0.005906 0 17
0.006119 0 17
0.005901 0 17
0.006433 0 17
0.006361 0 17
0.006158 0 17
0.006124 0 17
0.006096 0 17
0.006446 0 17
0.006064 0 17
0.00586 0 17
0.006291 0 17
0.006033 0 17
0.006039 0 17
0.006696 0 17
0.006193 0 17
0.006117 0 17
0.006173 0 17
0.006161 0 17
0.006142 0 17
0.005856 0 17
0.008676 0 17
0.005908 0 17
0.005913 0 17
0.006099 0 17
0.00615 0 17
0.005914 0 17
0.006151 0 17
0.0061 0 17
0.005862 0 17
0.00589 0 17
0.006571 0 17
0.005982 0 17
0.005921 0 17
0.005994 0 17
0.005926 0 17
0.005852 0 17
0.005675 0 17
0.005689 0 17
0.005841 0 17
0.005886 0 17
0.005725 0 17
0.005708 0 17
0.005684 0 17
0.005668 0 17
0.005633 0 17
0.006894 0 17
0.005838 0 17
0.005829 0 17
0.005981 0 17
0.005852 0 17
0.005822 0 17
0.005763 0 17
0.0058 0 17
0.005874 0 17
0.005861 0 17
0.005949 0 17
0.005898 0 17
0.005762 0 17
0.005766 0 17
0.005829 0 17
0.006707 0 17
0.005901 0 17
0.00593 0 17
0.005911 0 17
0.00579 0 17
0.00581 0 17
0.005902 0 17
0.005822 0 17
0.005772 0 17
0.00578 0 17
0.005826 0 17
0.005804 0 17
0.005763 0 17
0.005883 0 17
0.006458 0 17
0.0059 0 17
0.005901 0 17
0.006018 0 17
0.005953 0 17
0.005862 0 17
0.005712 0 17
0.005801 0 17
0.005777 0 17
0.006204 0 17
0.006287 0 17
0.005862 0 17
0.00592 0 17
0.006111 0 17
0.006014 0 17
0.005903 0 17
