3.0114 1 3.75
3.15671 0 3.75
2.9321 1 3.75
3.03797 1 3.75
2.96776 1 3.75
3.01644 0 3.75
3.13547 0 5
3.07081 0 3.75
3.31852 1 3.75
3.3328 0 5
3.12654 1 3.75
3.08752 1 3.75
2.99948 0 6.25
2.95972 1 3.75
3.09688 0 5
2.91565 0 3.75
3.01596 0 5
3.00983 1 3.75
3.14447 1 3.75
3.33131 0 3.75
3.51865 0 5
3.38344 1 3.75
3.34352 1 3.75
3.41936 0 6.25
3.37647 0 5
3.44625 0 5
3.35632 1 3.75
3.35993 1 3.75
3.46406 1 3.75
3.12885 0 5
2.92542 0 5
2.90219 0 5
2.88399 0 5
2.88956 1 3.75
2.8907 0 5
2.89358 1 3.75
2.96907 0 3.75
2.9987 0 3.75
2.87046 1 3.75
2.87603 1 3.75
2.85969 0 3.75
2.86587 1 3.75
2.92836 1 3.75
2.90936 0 5
2.87249 0 5
3.13959 0 5
3.10929 0 3.75
3.08685 0 5
2.98044 1 5
3.06809 1 3.75
2.90385 1 3.75
2.95279 0 3.75
3.01703 1 3.75
2.99168 0 5
2.96532 0 5
2.92558 1 3.75
3.03955 0 3.75
2.95875 1 3.75
2.93393 0 3.75
3.45247 0 3.75
3.0187 0 5
3.15097 0 3.75
3.03027 1 3.75
2.91743 0 3.75
2.98914 1 3.75
3.07182 1 3.75
3.01502 0 6.25
2.91998 0 3.75
3.18151 1 3.75
2.91694 0 6.25
3.04932 0 5
2.9203 0 5
2.91659 0 5
2.90513 0 5
2.92403 0 3.75
2.91869 0 5
2.91267 0 5
2.93908 0 3.75
2.99238 0 5
3.41077 1 3.75
2.97631 0 3.75
3.17883 0 3.75
3.08667 1 3.75
3.02232 0 5
2.9853 0 3.75
2.88933 0 6.25
2.98614 0 5
3.024 0 3.75
2.95183 0 3.75
3.21044 0 3.75
3.04912 0 3.75
3.34455 0 3.75
3.08343 0 5
3.10499 0 3.75
3.05838 0 3.75
2.99282 0 5
2.90834 0 3.75
2.99791 0 3.75
3.1454 0 3.75
