0.011602 0 94.75
0.013198 0 94.75
0.01268 0 94.75
0.011799 0 94.75
0.011744 0 94.75
0.011587 0 94.75
0.01162 0 94.75
0.011726 0 104.75
0.011731 0 104.75
0.01164 0 94.75
0.011763 0 94.75
0.011622 0 94.75
0.011637 0 94.75
0.011673 0 94.75
0.011742 0 94.75
0.011627 0 94.75
0.011803 0 94.75
0.011706 0 94.75
0.011779 0 94.75
0.011608 0 94.75
0.011722 0 94.75
0.011595 0 104.75
0.011579 0 104.75
0.011637 0 94.75
0.011833 0 94.75
0.011357 0 94.75
0.011808 0 104.75
0.011561 0 94.75
0.011431 0 94.75
0.011577 0 94.75
0.011419 0 94.75
0.011598 0 94.75
0.011658 0 94.75
0.011605 0 94.75
0.011755 0 94.75
0.011549 0 94.75
0.01142 0 94.75
0.011625 0 94.75
0.011764 0 94.75
0.011701 0 94.75
0.011725 0 94.75
0.011441 0 94.75
0.011743 0 94.75
0.011342 0 94.75
0.011605 0 94.75
0.011419 0 94.75
0.011411 0 104.75
0.011432 0 94.75
0.011591 0 94.75
0.011529 0 94.75
0.011887 0 94.75
0.011304 0 94.75
0.011582 0 94.75
0.012794 0 94.75
0.011603 0 94.75
0.011348 0 94.75
0.011448 0 94.75
0.011664 0 94.75
0.011705 0 94.75
0.011641 0 94.75
0.011348 0 94.75
0.011294 0 94.75
0.011632 0 94.75
0.011453 0 94.75
0.011359 0 94.75
0.011319 0 94.75
0.011559 0 94.75
0.01157 0 94.75
0.011377 0 94.75
0.011304 0 94.75
0.011385 0 94.75
0.011569 0 94.75
0.01154 0 94.75
0.011324 0 94.75
0.011627 0 104.75
0.011439 0 94.75
0.011595 0 94.75
0.011337 0 94.75
0.011342 0 94.75
0.011357 0 94.75
0.011695 0 94.75
0.011348 0 94.75
0.011601 0 94.75
0.011383 0 94.75
0.011541 0 94.75
0.011394 0 94.75
0.011427 0 94.75
0.011391 0 94.75
0.011673 0 94.75
0.011436 0 104.75
0.011651 0 94.75
0.011498 0 94.75
0.011566 0 94.75
0.01138 0 94.75
0.011607 0 94.75
0.011486 0 94.75
0.015257 0 94.75
0.013116 0 94.75
0.011696 0 94.75
