0.022792 0 17
0.023169 0 17
0.026591 0 17
0.024008 0 17
0.024049 0 17
0.024162 0 17
0.023598 0 17
0.023611 0 17
0.023106 0 17
0.022985 0 17
0.026601 0 17
0.022923 0 17
0.023638 0 17
0.023007 0 17
0.023965 0 17
0.023176 0 17
0.023826 0 17
0.023331 0 17
0.023351 0 17
0.023418 0 17
0.023199 0 17
0.02358 0 17
0.023168 0 17
0.023508 0 17
0.023814 0 17
0.022915 0 17
0.023779 0 17
0.025601 0 17
0.026512 0 17
0.023357 0 17
0.023362 0 17
0.02412 0 17
0.023896 0 17
0.02545 0 17
0.027168 0 17
0.02353 0 17
0.023706 0 17
0.023468 0 17
0.023891 0 17
0.023128 0 17
0.023199 0 17
0.028441 0 17
0.026882 0 17
0.023865 0 17
0.023921 0 17
0.023742 0 17
0.024142 0 17
0.025948 0 17
0.02648 0 17
0.027303 0 17
0.026717 0 17
0.024475 0 17
0.026232 0 17
0.025076 0 17
0.023577 0 17
0.024371 0 17
0.023543 0 17
0.025539 0 17
0.024121 0 17
0.025746 0 17
0.023712 0 17
0.02333 0 17
0.025868 0 17
0.023644 0 17
0.028589 0 17
0.025377 0 17
0.025758 0 17
0.026015 0 17
0.02294 0 17
0.022779 0 17
0.022582 0 17
0.022833 0 17
0.023631 0 17
0.022327 0 17
0.022271 0 17
0.021992 0 17
0.022177 0 17
0.023251 0 17
0.022258 0 17
0.022682 0 17
0.022533 0 17
0.022406 0 17
0.023128 0 17
0.022334 0 17
0.022326 0 17
0.02219 0 17
0.022288 0 17
0.023069 0 17
0.021926 0 17
0.022372 0 17
0.022213 0 17
0.022537 0 17
0.02314 0 17
0.022597 0 17
0.023708 0 17
0.022524 0 17
0.02353 0 17
0.026363 0 17
0.022884 0 17
