0.191871 0 20
0.184345 0 20
0.180185 0 20
0.180245 0 20
0.179848 0 20
0.180934 0 20
0.179664 0 20
0.182945 0 20
0.183642 0 20
0.189691 0 20
0.188614 0 20
0.181088 0 20
0.187005 0 20
0.182437 0 20
0.187352 0 20
0.181699 0 20
0.183264 0 20
0.183602 0 20
0.189279 0 20
0.18418 0 20
0.183416 0 20
0.179434 0 20
0.180222 0 20
0.188309 0 20
0.186241 0 20
0.180998 0 20
0.180098 0 20
0.185967 0 20
0.182705 0 20
0.180972 0 20
0.18072 0 20
0.182132 0 20
0.187185 0 20
0.181479 0 20
0.182373 0 20
0.182477 0 20
0.18115 0 20
0.183627 0 20
0.186992 0 20
0.182832 0 20
0.181766 0 20
0.183183 0 20
0.182335 0 20
0.192867 0 20
0.182973 0 20
0.184451 0 20
0.18159 0 20
0.181118 0 20
0.18044 0 20
0.182914 0 20
0.185678 0 20
0.182527 0 20
0.180649 0 20
0.180371 0 20
0.181587 0 20
0.180345 0 20
0.180509 0 20
0.180577 0 20
0.180182 0 20
0.179719 0 20
0.180198 0 20
0.181557 0 20
0.181166 0 20
0.180831 0 20
0.180091 0 20
0.179831 0 20
0.181193 0 20
0.181499 0 20
0.181891 0 20
0.180601 0 20
0.18078 0 20
0.181183 0 20
0.181133 0 20
0.18112 0 20
0.181604 0 20
0.180004 0 20
0.181363 0 20
0.185017 0 20
0.182445 0 20
0.182197 0 20
0.182075 0 20
0.180645 0 20
0.187691 0 20
0.181313 0 20
0.190557 0 20
0.185599 0 20
0.183337 0 20
0.180498 0 20
0.186518 0 20
0.188311 0 20
0.180729 0 20
0.180835 0 20
0.181409 0 20
0.181073 0 20
0.180549 0 20
0.181097 0 20
0.180591 0 20
0.181076 0 20
0.181217 0 20
