0.055583 0 94.75
0.059626 0 94.75
0.056486 0 94.75
0.06008 0 94.75
0.057731 0 94.75
0.056806 0 94.75
0.05622 0 94.75
0.0564 0 94.75
0.056472 0 94.75
0.056452 0 94.75
0.059581 0 94.75
0.056521 0 94.75
0.05877 0 94.75
0.056714 0 94.75
0.05588 0 94.75
0.056549 0 94.75
0.055647 0 94.75
0.05815 0 94.75
0.056001 0 94.75
0.061268 0 94.75
0.056613 0 94.75
0.056289 0 94.75
0.062037 0 94.75
0.056039 0 94.75
0.057858 0 94.75
0.056182 0 94.75
0.05636 0 94.75
0.056423 0 94.75
0.056189 0 94.75
0.056463 0 94.75
0.056074 0 94.75
0.056634 0 94.75
0.056596 0 94.75
0.056293 0 94.75
0.058061 0 94.75
0.057379 0 94.75
0.05999 0 94.75
0.056486 0 94.75
0.056869 0 94.75
0.056648 0 94.75
0.059614 0 94.75
0.06015 0 94.75
0.056006 0 94.75
0.056881 0 94.75
0.055858 0 94.75
0.056719 0 94.75
0.055643 0 94.75
0.057258 0 94.75
0.056487 0 94.75
0.056134 0 94.75
0.056665 0 94.75
0.056401 0 94.75
0.057866 0 94.75
0.056532 0 94.75
0.057161 0 94.75
0.056928 0 94.75
0.058447 0 94.75
0.059809 0 94.75
0.056646 0 94.75
0.057467 0 94.75
0.057544 0 94.75
0.056575 0 94.75
0.056793 0 94.75
0.057119 0 94.75
0.056074 0 94.75
0.056341 0 94.75
0.057092 0 94.75
0.060229 0 94.75
0.056346 0 94.75
0.056752 0 94.75
0.055932 0 94.75
0.056096 0 94.75
0.055872 0 94.75
0.061076 0 94.75
0.056198 0 94.75
0.056575 0 94.75
0.056145 0 94.75
0.056368 0 94.75
0.056319 0 94.75
0.056223 0 94.75
0.056406 0 94.75
0.056738 0 94.75
0.05604 0 94.75
0.056705 0 94.75
0.055631 0 94.75
0.05659 0 94.75
0.05579 0 94.75
0.057001 0 94.75
0.056343 0 94.75
0.056466 0 94.75
0.059009 0 94.75
0.057043 0 94.75
0.060046 0 94.75
0.05732 0 94.75
0.056878 0 94.75
0.056697 0 94.75
0.057284 0 94.75
0.057974 0 94.75
0.05918 0 94.75
