0.048218 0 20
0.046388 0 20
0.046121 0 20
0.046029 0 20
0.045879 0 20
0.045873 0 20
0.045746 0 20
0.045196 0 20
0.04458 0 20
0.046064 0 20
0.044742 0 20
0.045088 0 20
0.046386 0 20
0.045363 0 20
0.045436 0 20
0.046391 0 20
0.046124 0 20
0.045162 0 20
0.045438 0 20
0.045568 0 20
0.044746 0 20
0.046147 0 20
0.044878 0 20
0.044994 0 20
0.046445 0 20
0.045195 0 20
0.044655 0 20
0.046438 0 20
0.045042 0 20
0.044473 0 20
0.046256 0 20
0.044783 0 20
0.046897 0 20
0.047141 0 20
0.050888 0 20
0.046022 0 20
0.046983 0 20
0.048863 0 20
0.045201 0 20
0.047004 0 20
0.045254 0 20
0.044877 0 20
0.046414 0 20
0.045704 0 20
0.044417 0 20
0.046544 0 20
0.046245 0 20
0.045695 0 20
0.045847 0 20
0.04487 0 20
0.044827 0 20
0.045771 0 20
0.044748 0 20
0.045615 0 20
0.046006 0 20
0.044996 0 20
0.045018 0 20
0.045855 0 20
0.045633 0 20
0.044527 0 20
0.046328 0 20
0.044948 0 20
0.045426 0 20
0.046158 0 20
0.045643 0 20
0.044728 0 20
0.046543 0 20
0.044873 0 20
0.045508 0 20
0.046066 0 20
0.044959 0 20
0.045078 0 20
0.045723 0 20
0.045644 0 20
0.044775 0 20
0.049414 0 20
0.045115 0 20
0.045615 0 20
0.046177 0 20
0.045192 0 20
0.044988 0 20
0.046526 0 20
0.045098 0 20
0.044577 0 20
0.049236 0 20
0.045841 0 20
0.048668 0 20
0.04581 0 20
0.045944 0 20
0.045345 0 20
0.05422 0 20
0.044733 0 20
0.04512 0 20
0.045721 0 20
0.045471 0 20
0.045669 0 20
0.046621 0 20
0.045381 0 20
0.045288 0 20
