0.094196 0 20
0.098304 0 20
0.092719 0 20
0.089942 0 20
0.091567 0 20
0.090454 0 20
0.091004 0 20
0.092634 0 20
0.091515 0 20
0.090045 0 20
0.091486 0 20
0.09014 0 20
0.091425 0 20
0.091281 0 20
0.092169 0 20
0.09032 0 20
0.095142 0 20
0.090005 0 20
0.095538 0 20
0.090509 0 20
0.091236 0 20
0.0898 0 20
0.090757 0 20
0.090717 0 20
0.094454 0 20
0.090141 0 20
0.094051 0 20
0.090652 0 20
0.091622 0 20
0.089912 0 20
0.091121 0 20
0.089948 0 20
0.094685 0 20
0.091986 0 20
0.095022 0 20
0.090482 0 20
0.09279 0 20
0.090603 0 20
0.091581 0 20
0.090243 0 20
0.091559 0 20
0.089821 0 20
0.097738 0 20
0.094221 0 20
0.091355 0 20
0.09084 0 20
0.092485 0 20
0.09043 0 20
0.092147 0 20
0.093532 0 20
0.093547 0 20
0.090622 0 20
0.09112 0 20
0.089646 0 20
0.09087 0 20
0.090126 0 20
0.094056 0 20
0.090572 0 20
0.094666 0 20
0.090964 0 20
0.092672 0 20
0.092838 0 20
0.091979 0 20
0.089744 0 20
0.090882 0 20
0.089982 0 20
0.091608 0 20
0.090933 0 20
0.092693 0 20
0.090578 0 20
0.091647 0 20
0.089986 0 20
0.090774 0 20
0.089891 0 20
0.093851 0 20
0.090374 0 20
0.091299 0 20
0.090298 0 20
0.092 0 20
0.089908 0 20
0.091642 0 20
0.089983 0 20
0.09085 0 20
0.089494 0 20
0.093719 0 20
0.090685 0 20
0.094025 0 20
0.091049 0 20
0.092597 0 20
0.090517 0 20
0.094675 0 20
0.094219 0 20
0.090593 0 20
0.089236 0 20
0.09077 0 20
0.092196 0 20
0.090923 0 20
0.090911 0 20
0.091149 0 20
