0.009048 0 20
0.009167 0 20
0.008944 0 20
0.009268 1 20
0.009242 0 20
0.009307 0 20
0.009232 0 20
0.009287 0 20
0.009195 0 20
0.009293 0 20
0.009323 0 20
0.009292 0 20
0.008976 0 20
0.009284 0 20
0.008993 0 20
0.009308 0 20
0.009079 0 20
0.009229 0 20
0.00915 0 20
0.008921 0 20
0.009083 0 20
0.009761 0 20
0.009225 0 20
0.009444 0 20
0.009421 0 20
0.009516 1 20
0.009199 0 20
0.009354 0 20
0.009324 0 20
0.009134 0 20
0.009287 0 20
0.009014 0 20
0.008937 0 20
0.00937 0 20
0.00905 0 20
0.009383 0 20
0.00905 0 20
0.009084 0 20
0.009006 0 20
0.008997 0 20
0.009236 0 20
0.009178 0 20
0.009154 0 20
0.009296 0 20
0.010206 0 20
0.009505 0 20
0.00925 0 20
0.009254 0 20
0.009211 0 20
0.009179 0 20
0.009305 0 20
0.009347 0 20
0.009122 0 20
0.009463 0 20
0.009305 0 20
0.009247 0 20
0.009234 0 20
0.009094 0 20
0.008972 0 20
0.00925 0 20
0.009137 0 20
0.00894 0 20
0.009224 0 20
0.009289 0 20
0.009375 1 20
0.009175 0 20
0.009074 0 20
0.00912 0 20
0.009003 1 20
0.009049 0 20
0.009016 0 20
0.0091 0 20
0.009349 0 20
0.00945 0 20
0.009453 0 20
0.009133 0 20
0.009132 0 20
0.009028 0 20
0.009148 0 20
0.009137 0 20
0.009117 0 20
0.009192 0 20
0.009261 0 20
0.009431 0 20
0.00926 0 20
0.009003 0 20
0.009072 0 20
0.008962 0 20
0.009108 0 20
0.009057 0 20
0.009075 0 20
0.009227 0 20
0.009217 0 20
0.009421 0 20
0.009317 0 20
0.009047 0 20
0.009199 0 20
0.009211 1 20
0.009122 1 20
