0.117237 0 17
0.1162 0 17
0.119011 0 17
0.118847 0 17
0.115099 0 17
0.113943 0 17
0.117966 0 17
0.115128 0 17
0.129258 0 17
0.121651 0 17
0.118879 0 17
0.114106 0 17
0.113614 0 17
0.115861 0 17
0.11554 0 17
0.125039 0 17
0.115735 0 17
0.115707 0 17
0.115226 0 17
0.112828 0 17
0.115706 0 17
0.120708 0 17
0.118758 0 17
0.117044 0 17
0.113234 0 17
0.110523 0 17
0.110252 0 17
0.110319 0 17
0.11353 0 17
0.118386 0 17
0.117026 0 17
0.120638 0 17
0.123449 0 17
0.117515 0 17
0.113083 0 17
0.116528 0 17
0.111364 0 17
0.122459 0 17
0.117394 0 17
0.123537 0 17
0.114943 0 17
0.119584 0 17
0.116069 0 17
0.115731 0 17
0.115045 0 17
0.115109 0 17
0.120636 0 17
0.115064 0 17
0.119981 0 17
0.11326 0 17
0.114065 0 17
0.113934 0 17
0.115116 0 17
0.114623 0 17
0.113919 0 17
0.121182 0 17
0.119677 0 17
0.120124 0 17
0.122815 0 17
0.119654 0 17
0.115517 0 17
0.116053 0 17
0.110352 0 17
0.112976 0 17
0.114208 0 17
0.126848 0 17
0.119356 0 17
0.115518 0 17
0.118275 0 17
0.110042 0 17
0.114435 0 17
0.116834 0 17
0.114357 0 17
0.110452 0 17
0.118037 0 17
0.110869 0 17
0.110818 0 17
0.112005 0 17
0.110472 0 17
0.110317 0 17
0.110906 0 17
0.110948 0 17
0.111549 0 17
0.110193 0 17
0.109583 0 17
0.110086 0 17
0.111034 0 17
0.110268 0 17
0.109703 0 17
0.114601 0 17
0.121426 0 17
0.127197 0 17
0.111157 0 17
0.118006 0 17
0.110741 0 17
0.111212 0 17
0.112701 0 17
0.122378 0 17
0.114811 0 17
