0.005777 0 94.75
0.00576 0 94.75
0.005733 0 94.75
0.006538 0 94.75
0.0059 0 94.75
0.005795 0 94.75
0.005707 0 94.75
0.005901 0 94.75
0.005784 0 94.75
0.005741 0 94.75
0.005809 0 94.75
0.005806 0 94.75
0.005747 0 94.75
0.005725 0 94.75
0.005884 0 94.75
0.005768 0 104.75
0.005672 0 94.75
0.005727 0 94.75
0.005868 0 94.75
0.005749 0 94.75
0.005905 0 94.75
0.005746 0 94.75
0.005845 0 94.75
0.005693 0 94.75
0.005712 0 94.75
0.005644 0 94.75
0.005743 0 94.75
0.005727 0 104.75
0.005707 0 94.75
0.005822 0 94.75
0.005718 0 94.75
0.005843 0 94.75
0.005732 0 94.75
0.005966 0 104.75
0.005722 0 94.75
0.005817 0 94.75
0.009231 0 94.75
0.007383 0 94.75
0.00584 0 94.75
0.00604 0 94.75
0.005817 0 94.75
0.005917 0 94.75
0.005877 0 94.75
0.005947 0 94.75
0.005891 0 94.75
0.005817 0 104.75
0.006086 0 94.75
0.005804 0 94.75
0.006042 0 94.75
0.005959 0 94.75
0.005903 0 94.75
0.005839 0 94.75
0.005796 0 94.75
0.00582 0 104.75
0.005668 0 94.75
0.005858 0 104.75
0.005767 0 94.75
0.005941 0 104.75
0.005862 0 94.75
0.00589 0 94.75
0.006196 0 94.75
0.005957 0 94.75
0.005849 0 94.75
0.006597 0 94.75
0.005885 0 94.75
0.005774 0 94.75
0.005785 0 94.75
0.005811 0 94.75
0.005891 0 94.75
0.005744 0 94.75
0.005975 0 94.75
0.005796 0 94.75
0.005722 0 94.75
0.005841 0 94.75
0.006023 0 94.75
0.006064 0 94.75
0.005904 0 94.75
0.005906 0 94.75
0.00593 0 94.75
0.006003 0 94.75
0.005844 0 94.75
0.005831 0 94.75
0.005897 0 94.75
0.005937 0 94.75
0.005884 0 94.75
0.005945 0 94.75
0.005982 0 104.75
0.005949 0 94.75
0.005949 0 94.75
0.005822 0 94.75
0.005966 0 94.75
0.005878 0 94.75
0.005901 0 94.75
0.005839 0 94.75
0.005818 0 94.75
0.005748 0 94.75
0.005835 0 94.75
0.005954 0 94.75
0.00598 0 94.75
