0.048363 0 20
0.047694 0 20
0.048792 0 20
0.048599 0 20
0.046489 0 20
0.047199 0 20
0.046688 0 20
0.045767 0 20
0.045584 0 20
0.046706 0 20
0.045145 0 20
0.045683 0 20
0.046904 0 20
0.048771 0 20
0.045283 0 20
0.049878 0 20
0.04589 0 20
0.0453 0 20
0.046349 0 20
0.045106 0 20
0.045543 0 20
0.046016 0 20
0.045416 0 20
0.045068 0 20
0.046135 0 20
0.044914 0 20
0.045676 0 20
0.045762 0 20
0.045543 0 20
0.044902 0 20
0.046094 0 20
0.045115 0 20
0.045024 0 20
0.048918 0 20
0.045366 0 20
0.04598 0 20
0.045929 0 20
0.045466 0 20
0.044975 0 20
0.049144 0 20
0.045516 0 20
0.047124 0 20
0.047088 0 20
0.046066 0 20
0.045429 0 20
0.048079 0 20
0.048082 0 20
0.045892 0 20
0.046961 0 20
0.045762 0 20
0.048823 0 20
0.046254 0 20
0.046076 0 20
0.044969 0 20
0.049371 0 20
0.045797 0 20
0.048652 0 20
0.046422 0 20
0.045824 0 20
0.045176 0 20
0.048512 0 20
0.046359 0 20
0.046051 0 20
0.047495 0 20
0.045817 0 20
0.046126 0 20
0.047238 0 20
0.046496 0 20
0.045578 0 20
0.050677 0 20
0.045338 0 20
0.045254 0 20
0.046698 0 20
0.045406 0 20
0.045147 0 20
0.046841 0 20
0.045144 0 20
0.045663 0 20
0.047157 0 20
0.045742 0 20
0.045714 0 20
0.046734 0 20
0.045903 0 20
0.046027 0 20
0.052746 0 20
0.045804 0 20
0.049484 0 20
0.046786 0 20
0.049429 0 20
0.04565 0 20
0.047447 0 20
0.045378 0 20
0.045559 0 20
0.046735 0 20
0.046505 0 20
0.049212 0 20
0.046879 0 20
0.045929 0 20
0.045669 0 20
