0.001218 0 17
0.00124 0 17
0.001181 0 17
0.001235 0 17
0.001177 0 17
0.001293 0 17
0.001373 0 17
0.001227 0 17
0.001312 0 17
0.001225 0 17
0.001258 0 17
0.001329 0 17
0.001197 0 17
0.001257 0 17
0.001336 0 17
0.001219 0 17
0.001217 0 17
0.001252 0 17
0.001582 0 17
0.001216 0 17
0.001254 0 17
0.001217 0 17
0.001244 0 17
0.001279 0 17
0.001474 0 17
0.001248 0 17
0.00122 0 17
0.00122 0 17
0.001212 0 17
0.001261 0 17
0.001348 0 17
0.001277 0 17
0.001545 0 17
0.002028 0 17
0.001243 0 17
0.002053 0 17
0.001258 0 17
0.002105 0 17
0.001314 0 17
0.00145 0 17
0.001496 0 17
0.001285 0 17
0.001302 0 17
0.00128 0 17
0.00122 0 17
0.001209 0 17
0.001449 0 17
0.001214 0 17
0.001226 0 17
0.001255 0 17
0.00202 0 17
0.001381 0 17
0.001466 0 17
0.001217 0 17
0.001279 0 17
0.00123 0 17
0.001221 0 17
0.001288 0 17
0.001213 0 17
0.001306 0 17
0.00123 0 17
0.001249 0 17
0.001247 0 17
0.00128 0 17
0.001234 0 17
0.001238 0 17
0.001244 0 17
0.00193 0 17
0.001995 0 17
0.001319 0 17
0.002161 0 17
0.001951 0 17
0.001227 0 17
0.001224 0 17
0.00127 0 17
0.001282 0 17
0.002382 0 17
0.001628 0 17
0.001268 0 17
0.001215 0 17
0.0012 0 17
0.001206 0 17
0.001208 0 17
0.001259 0 17
0.001697 0 17
0.001361 0 17
0.001242 0 17
0.00123 0 17
0.001225 0 17
0.001558 0 17
0.001211 0 17
0.001212 0 17
0.001255 0 17
0.002143 0 17
0.002042 0 17
0.002064 0 17
0.001237 0 17
0.001223 0 17
0.001219 0 17
