0.004887 0 20
0.00482 0 20
0.004835 0 20
0.004799 0 20
0.004946 0 20
0.004964 0 20
0.005221 0 20
0.005083 0 20
0.004896 0 20
0.004854 0 20
0.004847 0 20
0.004733 0 20
0.004935 0 20
0.004919 0 20
0.004852 0 20
0.004845 0 20
0.004846 0 20
0.004797 0 20
0.004954 0 20
0.0049 0 20
0.004909 0 20
0.005016 0 20
0.004928 0 20
0.005049 0 20
0.00494 0 20
0.004932 0 20
0.004974 0 20
0.004809 0 20
0.005059 0 20
0.00482 0 20
0.004761 0 20
0.005057 0 20
0.004759 0 20
0.004872 0 20
0.004811 0 20
0.004763 0 20
0.005063 0 20
0.004766 0 20
0.004774 0 20
0.005063 0 20
0.00644 0 20
0.005028 0 20
0.004928 0 20
0.004807 0 20
0.005012 0 20
0.004843 0 20
0.004874 0 20
0.004851 0 20
0.005015 0 20
0.004985 0 20
0.004832 0 20
0.004822 0 20
0.004818 0 20
0.004958 0 20
0.004896 0 20
0.004885 0 20
0.0049 0 20
0.004956 0 20
0.004877 0 20
0.004892 0 20
0.004791 0 20
0.004778 0 20
0.004902 0 20
0.00484 0 20
0.004732 0 20
0.004866 0 20
0.004794 0 20
0.004877 0 20
0.004727 0 20
0.004934 0 20
0.005008 0 20
0.004992 0 20
0.00495 0 20
0.004921 0 20
0.004964 0 20
0.004889 0 20
0.004973 0 20
0.004891 0 20
0.00497 0 20
0.004961 0 20
0.004872 0 20
0.004946 0 20
0.00496 0 20
0.005014 0 20
0.004875 0 20
0.004875 0 20
0.004963 0 20
0.004888 0 20
0.005261 0 20
0.004983 0 20
0.004897 0 20
0.004888 0 20
0.00493 0 20
0.0049 0 20
0.004909 0 20
0.004881 0 20
0.00491 0 20
0.004949 0 20
0.004986 0 20
