0.031092 0 17
0.02915 0 17
0.029544 0 17
0.02933 0 17
0.030272 0 17
0.0287 0 17
0.027682 0 17
0.027907 0 17
0.028413 0 17
0.027734 0 17
0.027524 0 17
0.028129 0 17
0.028308 0 17
0.028251 0 17
0.028295 0 17
0.027381 0 17
0.02868 0 17
0.027898 0 17
0.027506 0 17
0.028067 0 17
0.028341 0 17
0.028034 0 17
0.028227 0 17
0.027467 0 17
0.029071 0 17
0.027552 0 17
0.027657 0 17
0.027307 0 17
0.028394 0 17
0.028717 0 17
0.027878 0 17
0.027409 0 17
0.028013 0 17
0.027661 0 17
0.027332 0 17
0.027592 0 17
0.028151 0 17
0.027493 0 17
0.027388 0 17
0.027825 0 17
0.028668 0 17
0.028325 0 17
0.028072 0 17
0.028131 0 17
0.028763 0 17
0.028024 0 17
0.028525 0 17
0.027871 0 17
0.029138 0 17
0.027509 0 17
0.027619 0 17
0.027749 0 17
0.028611 0 17
0.027333 0 17
0.028148 0 17
0.027534 0 17
0.028175 0 17
0.028063 0 17
0.028296 0 17
0.028774 0 17
0.028978 0 17
0.028108 0 17
0.027292 0 17
0.027829 0 17
0.028679 0 17
0.028008 0 17
0.0274 0 17
0.027974 0 17
0.03075 0 17
0.027323 0 17
0.027688 0 17
0.030564 0 17
0.028728 0 17
0.027971 0 17
0.028149 0 17
0.027873 0 17
0.028949 0 17
0.028882 0 17
0.027838 0 17
0.028768 0 17
0.02918 0 17
0.028587 0 17
0.028033 0 17
0.028011 0 17
0.030069 0 17
0.032294 0 17
0.028968 0 17
0.028191 0 17
0.03022 0 17
0.027629 0 17
0.028013 0 17
0.02944 0 17
0.029564 0 17
0.029116 0 17
0.028019 0 17
0.027825 0 17
0.029457 0 17
0.028354 0 17
0.028519 0 17
