5.76238 0 3.75
5.78952 0 3.75
5.71072 0 3.75
5.73257 0 3.75
5.74611 0 5
5.71428 0 5
5.93126 0 3.75
5.96341 0 3.75
5.89808 0 3.75
5.89198 0 3.75
5.94796 0 5
5.87015 0 3.75
5.81758 0 3.75
5.72818 0 3.75
5.7275 0 3.75
5.765 0 3.75
5.77137 0 3.75
5.79362 0 3.75
5.78954 0 3.75
5.75783 0 3.75
5.72145 0 3.75
5.73294 0 3.75
5.76982 0 3.75
5.84759 0 3.75
5.79393 0 3.75
5.96415 0 3.75
5.82418 0 3.75
5.84494 0 3.75
5.94345 0 3.75
6.32844 0 3.75
5.97167 0 3.75
5.87229 0 3.75
5.90564 0 3.75
5.86257 0 3.75
5.98161 0 5
5.92524 0 3.75
5.81927 0 3.75
5.90087 0 3.75
5.82231 0 3.75
5.92365 0 3.75
5.93482 0 5
5.92767 0 3.75
5.79566 0 3.75
5.7124 0 3.75
5.7824 0 3.75
5.75185 0 3.75
5.79225 0 3.75
5.85662 0 3.75
5.8696 0 3.75
6.03229 0 3.75
6.30726 0 3.75
6.39233 0 3.75
5.9085 0 3.75
5.90033 0 3.75
5.85015 0 3.75
5.80679 0 3.75
5.81247 0 3.75
5.86645 0 3.75
5.77191 0 6.25
5.74357 0 3.75
5.96412 0 3.75
5.94539 0 3.75
5.99192 0 3.75
5.7544 0 3.75
5.81781 0 3.75
5.88541 0 3.75
5.84211 0 3.75
5.97435 0 5
5.92747 0 3.75
5.89188 0 3.75
5.84513 0 5
5.93148 0 3.75
5.85316 0 3.75
5.92222 0 3.75
5.94887 0 5
6.00842 0 3.75
5.94398 0 3.75
5.89968 0 3.75
5.93235 0 3.75
5.91238 0 3.75
5.84535 0 3.75
5.9188 0 3.75
5.93626 0 3.75
5.94024 0 5
5.89751 0 3.75
5.89623 0 3.75
6.15794 0 5
6.12465 0 3.75
6.00992 0 3.75
5.86592 0 3.75
5.88589 0 3.75
5.96461 0 3.75
6.0827 0 5
5.90603 0 3.75
5.91768 0 3.75
5.73777 0 5
5.90163 0 3.75
5.85924 1 3.75
5.89112 0 3.75
