0.028788 0 94.75
0.031847 0 94.75
0.031114 0 94.75
0.028914 0 94.75
0.028565 0 94.75
0.028302 0 94.75
0.028951 0 94.75
0.029118 0 94.75
0.028888 0 94.75
0.028225 0 94.75
0.028456 0 94.75
0.028399 0 94.75
0.028194 0 94.75
0.028878 0 94.75
0.0292 0 94.75
0.028583 0 94.75
0.028254 0 94.75
0.029746 0 94.75
0.029059 0 94.75
0.029397 0 94.75
0.028336 0 94.75
0.028608 0 94.75
0.028752 0 94.75
0.028204 0 94.75
0.028459 0 94.75
0.028633 0 94.75
0.028765 0 94.75
0.029191 0 94.75
0.028857 0 94.75
0.028399 0 94.75
0.028979 0 94.75
0.028475 0 94.75
0.028404 0 94.75
0.028416 0 94.75
0.029015 0 94.75
0.029371 0 94.75
0.028529 0 94.75
0.028972 0 94.75
0.029068 0 94.75
0.029225 0 94.75
0.028277 0 94.75
0.028386 0 94.75
0.029053 0 94.75
0.028156 0 94.75
0.028346 0 94.75
0.0285 0 94.75
0.028543 0 94.75
0.02843 0 94.75
0.028531 0 94.75
0.028504 0 94.75
0.028494 0 94.75
0.028296 0 94.75
0.028544 0 94.75
0.028255 0 94.75
0.02847 0 94.75
0.028412 0 94.75
0.028442 0 94.75
0.028526 0 94.75
0.028756 0 94.75
0.028735 0 94.75
0.02798 0 94.75
0.028218 0 94.75
0.028611 0 94.75
0.028311 0 94.75
0.027875 0 94.75
0.028821 0 94.75
0.028696 0 94.75
0.028452 0 94.75
0.030732 0 94.75
0.031981 0 94.75
0.028809 0 94.75
0.028238 0 94.75
0.028208 0 94.75
0.028799 0 94.75
0.028367 0 94.75
0.028557 0 94.75
0.028675 0 94.75
0.028228 0 94.75
0.028418 0 94.75
0.028394 0 94.75
0.028099 0 94.75
0.028304 0 94.75
0.028668 0 94.75
0.028411 0 94.75
0.028061 0 94.75
0.028055 0 94.75
0.028558 0 94.75
0.028479 0 94.75
0.028585 0 94.75
0.028047 0 94.75
0.028608 0 94.75
0.027924 0 94.75
0.028222 0 94.75
0.028061 0 94.75
0.028894 0 94.75
0.028385 0 94.75
0.028026 0 94.75
0.028231 0 94.75
0.028665 0 94.75
