0.004957 0 20
0.004873 0 20
0.0049 0 20
0.004907 0 20
0.004837 0 20
0.004947 0 20
0.004917 0 20
0.004896 0 20
0.004883 0 20
0.005793 0 20
0.00507 0 20
0.004894 0 20
0.004769 0 20
0.004758 0 20
0.004692 0 20
0.004717 0 20
0.004717 0 20
0.004674 0 20
0.004739 0 20
0.004794 0 20
0.004674 0 20
0.004752 0 20
0.004671 0 20
0.004665 0 20
0.004725 0 20
0.004717 0 20
0.00491 0 20
0.004953 0 20
0.004893 0 20
0.004969 0 20
0.00483 0 20
0.004877 0 20
0.00502 0 20
0.00497 0 20
0.004888 0 20
0.004931 0 20
0.004905 0 20
0.004996 0 20
0.00486 0 20
0.004879 0 20
0.00498 0 20
0.00485 0 20
0.005097 0 20
0.00499 0 20
0.004962 0 20
0.004936 0 20
0.004877 0 20
0.004865 0 20
0.005082 0 20
0.004849 0 20
0.004922 0 20
0.005242 0 20
0.004921 0 20
0.006847 0 20
0.004844 0 20
0.005197 0 20
0.004835 0 20
0.004888 0 20
0.005015 0 20
0.004936 0 20
0.004954 0 20
0.004837 0 20
0.004875 0 20
0.005071 0 20
0.004898 0 20
0.004855 0 20
0.004896 0 20
0.00488 0 20
0.00509 0 20
0.004845 0 20
0.004977 0 20
0.004955 0 20
0.004934 0 20
0.004948 0 20
0.005015 0 20
0.00498 0 20
0.004961 0 20
0.004856 0 20
0.00491 0 20
0.004897 0 20
0.004913 0 20
0.005037 0 20
0.004818 0 20
0.004938 0 20
0.004986 0 20
0.004852 0 20
0.004915 0 20
0.004888 0 20
0.004947 0 20
0.004975 0 20
0.004931 0 20
0.004953 0 20
0.004949 0 20
0.004847 0 20
0.00499 0 20
0.004914 0 20
0.004984 0 20
0.0049 0 20
0.004864 0 20
