0.00726 0 17
0.00726 0 17
0.006165 0 17
0.005923 0 17
0.005739 0 17
0.005766 0 17
0.006122 0 17
0.009333 0 17
0.006828 0 17
0.007912 0 17
0.006175 0 17
0.005665 0 17
0.00695 0 17
0.006517 0 17
0.00615 0 17
0.007351 0 17
0.006864 0 17
0.005742 0 17
0.007558 0 17
0.00629 0 17
0.005683 0 17
0.007414 0 17
0.005836 0 17
0.005733 0 17
0.005715 0 17
0.005864 0 17
0.005775 0 17
0.005703 0 17
0.006152 0 17
0.005896 0 17
0.005867 0 17
0.006238 0 17
0.005736 0 17
0.005805 0 17
0.005752 0 17
0.006212 0 17
0.005693 0 17
0.00575 0 17
0.006073 0 17
0.005721 0 17
0.005746 0 17
0.005824 0 17
0.005786 0 17
0.005796 0 17
0.0059 0 17
0.006227 0 17
0.005702 0 17
0.005875 0 17
0.00596 0 17
0.006058 0 17
0.005673 0 17
0.005752 0 17
0.005938 0 17
0.005799 0 17
0.005886 0 17
0.006074 0 17
0.005769 0 17
0.00577 0 17
0.005747 0 17
0.005626 0 17
0.005585 0 17
0.005661 0 17
0.005825 0 17
0.005619 0 17
0.006085 0 17
0.005801 0 17
0.005619 0 17
0.005481 0 17
0.005699 0 17
0.00571 0 17
0.005621 0 17
0.005635 0 17
0.00572 0 17
0.005722 0 17
0.005634 0 17
0.005699 0 17
0.005857 0 17
0.005748 0 17
0.005489 0 17
0.006489 0 17
0.005736 0 17
0.005737 0 17
0.006547 0 17
0.009487 0 17
0.009628 0 17
0.006455 0 17
0.005952 0 17
0.005885 0 17
0.006944 0 17
0.008305 0 17
0.005701 0 17
0.007988 0 17
0.00943 0 17
0.005768 0 17
0.009104 0 17
0.005743 0 17
0.00588 0 17
0.005859 0 17
0.005756 0 17
