0.005797 0 94.75
0.00589 0 94.75
0.00593 0 94.75
0.005856 0 94.75
0.006721 0 94.75
0.005832 0 94.75
0.00592 0 94.75
0.005793 0 94.75
0.006068 0 94.75
0.005852 0 94.75
0.0059 0 94.75
0.005956 0 94.75
0.005836 0 94.75
0.005875 0 94.75
0.005771 0 94.75
0.005924 0 94.75
0.005853 0 94.75
0.005929 0 94.75
0.005991 0 94.75
0.005797 0 94.75
0.005833 0 94.75
0.005786 0 94.75
0.005879 0 94.75
0.005811 0 94.75
0.005873 0 94.75
0.005797 0 94.75
0.005926 0 94.75
0.005875 0 94.75
0.00586 0 94.75
0.005891 0 94.75
0.005911 0 94.75
0.00595 0 94.75
0.005881 0 94.75
0.005832 0 94.75
0.005784 0 94.75
0.0058 0 94.75
0.006132 0 94.75
0.005851 0 94.75
0.005885 0 94.75
0.005766 0 94.75
0.005871 0 94.75
0.005881 0 94.75
0.005873 0 94.75
0.005844 0 94.75
0.005805 0 94.75
0.005806 0 94.75
0.005903 0 94.75
0.005832 0 94.75
0.005852 0 94.75
0.00599 0 94.75
0.005838 0 94.75
0.005953 0 94.75
0.005871 0 94.75
0.005801 0 94.75
0.00586 0 94.75
0.005885 0 94.75
0.005886 0 94.75
0.0058 0 94.75
0.005927 0 94.75
0.005853 0 94.75
0.005913 0 94.75
0.005794 0 94.75
0.005783 0 94.75
0.005806 0 94.75
0.006116 0 94.75
0.005956 0 94.75
0.005814 0 94.75
0.005883 0 94.75
0.005751 0 94.75
0.005871 0 94.75
0.005993 0 94.75
0.005811 0 94.75
0.005975 0 94.75
0.006046 0 94.75
0.005969 0 94.75
0.005898 0 94.75
0.005826 0 94.75
0.005793 0 94.75
0.005831 0 94.75
0.005868 0 94.75
0.005877 0 94.75
0.005939 0 94.75
0.005808 0 94.75
0.005989 0 94.75
0.005791 0 94.75
0.005843 0 94.75
0.00586 0 94.75
0.005822 0 94.75
0.005971 0 94.75
0.005781 0 94.75
0.005837 0 94.75
0.005787 0 94.75
0.006065 0 94.75
0.008487 0 94.75
0.005924 0 94.75
0.005863 0 94.75
0.005855 0 94.75
0.006379 0 94.75
0.005905 0 94.75
