0.251169 0 94.75
0.242593 0 94.75
0.248223 0 94.75
0.244235 0 94.75
0.238042 0 94.75
0.22976 0 94.75
0.240485 0 94.75
0.245503 0 94.75
0.24794 0 94.75
0.243443 0 94.75
0.237437 0 94.75
0.232647 0 94.75
0.22398 0 94.75
0.224169 0 94.75
0.231148 0 94.75
0.224404 0 94.75
0.224187 0 94.75
0.230848 0 94.75
0.222904 0 94.75
0.227578 0 94.75
0.223434 0 94.75
0.239005 0 94.75
0.228289 0 94.75
0.245253 0 94.75
0.224434 0 94.75
0.230194 0 94.75
0.228571 0 94.75
0.227039 0 94.75
0.227258 0 94.75
0.229145 0 94.75
0.226276 0 94.75
0.222776 0 94.75
0.224388 0 94.75
0.223701 0 94.75
0.226048 0 94.75
0.222625 0 94.75
0.223137 0 94.75
0.224427 0 94.75
0.223512 0 94.75
0.224726 0 94.75
0.227724 0 94.75
0.23101 0 94.75
0.226844 0 94.75
0.221852 0 94.75
0.224667 0 94.75
0.225164 0 94.75
0.226646 0 94.75
0.226038 0 94.75
0.224537 0 94.75
0.223757 0 94.75
0.229007 0 94.75
0.234497 0 94.75
0.223695 0 94.75
0.229203 0 94.75
0.233529 0 94.75
0.223133 0 94.75
0.228614 0 94.75
0.230167 0 94.75
0.23098 0 94.75
0.224496 0 94.75
0.22228 0 94.75
0.222342 0 94.75
0.22232 0 94.75
0.229632 0 94.75
0.22372 0 94.75
0.228607 0 94.75
0.227151 0 94.75
0.227209 0 94.75
0.223049 0 94.75
0.231073 0 94.75
0.225915 0 94.75
0.224486 0 94.75
0.224087 0 94.75
0.222681 0 94.75
0.222372 0 94.75
0.2246 0 94.75
0.222723 0 94.75
0.223679 0 94.75
0.222905 0 94.75
0.22918 0 94.75
0.232681 0 94.75
0.22526 0 94.75
0.224966 0 94.75
0.224387 0 94.75
0.232785 0 94.75
0.230627 0 94.75
0.22881 0 94.75
0.223306 0 94.75
0.225715 0 94.75
0.226592 0 94.75
0.223763 0 94.75
0.22296 0 94.75
0.222496 0 94.75
0.223282 0 94.75
0.223864 0 94.75
0.224105 0 94.75
0.224238 0 94.75
0.223253 0 94.75
0.224074 0 94.75
