0.057902 0 94.75
0.057326 0 94.75
0.056913 0 94.75
0.055879 0 94.75
0.056764 0 94.75
0.056234 0 94.75
0.057307 0 94.75
0.057225 0 94.75
0.056062 0 94.75
0.059487 0 94.75
0.057199 0 94.75
0.056848 0 94.75
0.056063 0 94.75
0.055818 0 94.75
0.056195 0 94.75
0.056203 0 94.75
0.056328 0 94.75
0.056333 0 94.75
0.057201 0 94.75
0.058879 0 94.75
0.056542 0 94.75
0.05663 0 94.75
0.058735 0 94.75
0.055996 0 94.75
0.056599 0 94.75
0.056183 0 94.75
0.056675 0 94.75
0.056136 0 94.75
0.057165 0 94.75
0.055747 0 94.75
0.056831 0 94.75
0.056213 0 94.75
0.056766 0 94.75
0.057136 0 94.75
0.056434 0 94.75
0.056773 0 94.75
0.05735 0 94.75
0.056875 0 94.75
0.057009 0 94.75
0.056641 0 94.75
0.056376 0 94.75
0.056347 0 94.75
0.059517 0 94.75
0.057171 0 94.75
0.056987 0 94.75
0.055778 0 94.75
0.056722 0 94.75
0.055934 0 94.75
0.056262 0 94.75
0.056139 0 94.75
0.05711 0 94.75
0.056777 0 94.75
0.056797 0 94.75
0.058619 0 94.75
0.056952 0 94.75
0.057287 0 94.75
0.057736 0 94.75
0.063333 0 94.75
0.057459 0 94.75
0.055801 0 94.75
0.056478 0 94.75
0.055779 0 94.75
0.056681 0 94.75
0.059124 0 94.75
0.056519 0 94.75
0.056763 0 94.75
0.057657 0 94.75
0.056623 0 94.75
0.056649 0 94.75
0.056207 0 94.75
0.05683 0 94.75
0.05686 0 94.75
0.057209 0 94.75
0.056292 0 94.75
0.056949 0 94.75
0.055656 0 94.75
0.057002 0 94.75
0.056332 0 94.75
0.056266 0 94.75
0.056223 0 94.75
0.056496 0 94.75
0.056313 0 94.75
0.056201 0 94.75
0.056098 0 94.75
0.056354 0 94.75
0.055847 0 94.75
0.056979 0 94.75
0.058383 0 94.75
0.060511 0 94.75
0.056389 0 94.75
0.05911 0 94.75
0.056531 0 94.75
0.056747 0 94.75
0.056464 0 94.75
0.056059 0 94.75
0.055924 0 94.75
0.056222 0 94.75
0.05651 0 94.75
0.05619 0 94.75
