0.089908 0 20
0.095257 0 20
0.094007 0 20
0.094427 0 20
0.09029 0 20
0.090996 0 20
0.090829 0 20
0.091164 0 20
0.090716 0 20
0.09139 0 20
0.090255 0 20
0.091406 0 20
0.089874 0 20
0.090596 0 20
0.089619 0 20
0.090644 0 20
0.089887 0 20
0.093831 0 20
0.09077 0 20
0.094606 0 20
0.093354 0 20
0.090689 0 20
0.089538 0 20
0.090304 0 20
0.089303 0 20
0.090006 0 20
0.089384 0 20
0.091028 0 20
0.093618 0 20
0.091804 0 20
0.0906 0 20
0.091359 0 20
0.090599 0 20
0.090692 0 20
0.090003 0 20
0.091188 0 20
0.089247 0 20
0.092976 0 20
0.095005 0 20
0.091053 0 20
0.089982 0 20
0.093887 0 20
0.090392 0 20
0.09466 0 20
0.090581 0 20
0.092102 0 20
0.097535 0 20
0.090858 0 20
0.089946 0 20
0.091348 0 20
0.090428 0 20
0.091248 0 20
0.090325 0 20
0.090798 0 20
0.089832 0 20
0.090978 0 20
0.090232 0 20
0.090458 0 20
0.089628 0 20
0.096103 0 20
0.090336 0 20
0.094419 0 20
0.090894 0 20
0.091476 0 20
0.089827 0 20
0.091429 0 20
0.090994 0 20
0.091597 0 20
0.089348 0 20
0.091502 0 20
0.090814 0 20
0.091824 0 20
0.090357 0 20
0.095461 0 20
0.09048 0 20
0.090733 0 20
0.090253 0 20
0.091516 0 20
0.089757 0 20
0.092696 0 20
0.092448 0 20
0.095504 0 20
0.090161 0 20
0.091166 0 20
0.090281 0 20
0.093395 0 20
0.093173 0 20
0.090766 0 20
0.092599 0 20
0.090698 0 20
0.089567 0 20
0.091993 0 20
0.090209 0 20
0.092083 0 20
0.09155 0 20
0.090854 0 20
0.091415 0 20
0.090949 0 20
0.090357 0 20
