0.001015 0 20
0.001016 0 20
0.001017 0 20
0.001068 0 20
0.001023 0 20
0.001015 0 20
0.001047 0 20
0.001024 0 20
0.001036 0 20
0.001031 0 20
0.001017 0 20
0.001022 0 20
0.001025 0 20
0.001042 0 20
0.001092 0 20
0.001015 0 20
0.00101 0 20
0.001079 0 20
0.00102 0 20
0.001013 0 20
0.001036 0 20
0.001018 0 20
0.001018 0 20
0.001016 0 20
0.001025 0 20
0.001021 0 20
0.001047 0 20
0.001057 0 20
0.001087 0 20
0.001233 0 20
0.001172 0 20
0.001029 0 20
0.001016 0 20
0.001065 0 20
0.00102 0 20
0.001018 0 20
0.001029 0 20
0.001032 0 20
0.00103 0 20
0.001049 0 20
0.000985 0 20
0.001039 0 20
0.000982 0 20
0.001012 0 20
0.001097 0 20
0.000979 0 20
0.000987 0 20
0.001082 0 20
0.001036 0 20
0.001027 0 20
0.001031 0 20
0.001005 0 20
0.000982 0 20
0.000983 0 20
0.001015 0 20
0.000986 0 20
0.001013 0 20
0.000984 0 20
0.000984 0 20
0.001026 0 20
0.000979 0 20
0.001081 0 20
0.000984 0 20
0.001107 0 20
0.001035 0 20
0.001041 0 20
0.000986 0 20
0.000979 0 20
0.000979 0 20
0.001019 0 20
0.00109 0 20
0.001036 0 20
0.001077 0 20
0.001018 0 20
0.001052 0 20
0.001025 0 20
0.001047 0 20
0.001046 0 20
0.001013 0 20
0.000988 0 20
0.001016 0 20
0.001058 0 20
0.000983 0 20
0.001031 0 20
0.001113 0 20
0.001035 0 20
0.001086 0 20
0.000988 0 20
0.000983 0 20
0.000977 0 20
0.001015 0 20
0.000983 0 20
0.001016 0 20
0.000988 0 20
0.001018 0 20
0.001068 0 20
0.000995 0 20
0.001023 0 20
0.001027 0 20
