0.022705 0 20
0.023504 0 20
0.024372 0 20
0.023218 0 20
0.022774 0 20
0.022903 0 20
0.022857 0 20
0.023157 0 20
0.023154 0 20
0.022941 0 20
0.022987 0 20
0.022791 0 20
0.030786 0 20
0.023028 0 20
0.023 0 20
0.023168 0 20
0.02676 0 20
0.023481 0 20
0.023261 0 20
0.02339 0 20
0.023577 0 20
0.023092 0 20
0.023013 0 20
0.022714 0 20
0.022602 0 20
0.02263 0 20
0.022903 0 20
0.022499 0 20
0.02247 0 20
0.022906 0 20
0.022693 0 20
0.022988 0 20
0.022674 0 20
0.022847 0 20
0.022643 0 20
0.022905 0 20
0.022891 0 20
0.023079 0 20
0.022782 0 20
0.02295 0 20
0.022736 0 20
0.023308 0 20
0.022882 0 20
0.023152 0 20
0.022847 0 20
0.022957 0 20
0.023116 0 20
0.023083 0 20
0.022853 0 20
0.02275 0 20
0.022975 0 20
0.023208 0 20
0.022735 0 20
0.022919 0 20
0.022915 0 20
0.023303 0 20
0.023287 0 20
0.02295 0 20
0.022841 0 20
0.02242 0 20
0.022826 0 20
0.022933 0 20
0.022891 0 20
0.022507 0 20
0.02371 0 20
0.022946 0 20
0.023096 0 20
0.022922 0 20
0.022789 0 20
0.022586 0 20
0.022744 0 20
0.022876 0 20
0.022423 0 20
0.022989 0 20
0.022677 0 20
0.023051 0 20
0.023007 0 20
0.02252 0 20
0.022729 0 20
0.022883 0 20
0.022432 0 20
0.023123 0 20
0.023715 0 20
0.023574 0 20
0.02327 0 20
0.022931 0 20
0.02318 0 20
0.023522 0 20
0.023722 0 20
0.023504 0 20
0.022656 0 20
0.023148 0 20
0.022961 0 20
0.023588 0 20
0.023308 0 20
0.023431 0 20
0.023141 0 20
0.023437 0 20
0.022951 0 20
