0.709701 0 5
0.703044 1 3.75
0.698603 0 5
0.695661 0 7
0.698283 1 3.75
0.700857 1 3.75
0.700152 0 9.5
0.708787 0 6.25
0.709725 0 5
0.726041 1 5
0.768421 1 5
0.707575 1 3.75
0.711624 0 5
0.709144 0 7
0.685008 0 5
0.678864 0 5
0.757505 0 3.75
0.815356 0 5
0.800069 1 5
0.821327 1 3.75
0.819535 0 8.25
0.797201 0 5
0.80788 0 7.5
0.798839 0 5
0.784014 1 3.75
0.791341 0 3.75
0.794978 1 5
0.792937 0 6.25
0.798445 1 5
0.794825 0 5
0.777249 0 5
0.804393 1 5
0.796341 1 5
0.79635 0 10.25
0.799851 0 5
0.796401 0 5
0.788153 1 3.75
0.77303 0 3.75
0.731805 0 6.25
0.781967 1 3.75
0.725286 0 5
0.810007 1 5
0.827028 0 3.75
0.768621 0 5
0.78149 0 5.75
0.769924 0 8.25
0.773351 0 8.25
0.797065 1 3.75
0.791807 0 6.25
0.752455 1 3.75
0.756472 1 3.75
0.804058 0 5.75
0.798018 0 5
0.815398 0 5
0.802754 0 6.25
0.806767 0 3.75
0.816893 0 3.75
0.798092 0 11.75
0.801382 1 5
0.786518 0 6.25
0.799384 0 7
0.796545 0 6.25
0.788788 0 5
0.810146 1 3.75
0.813922 0 3.75
0.776831 0 3.75
0.814407 0 5.75
0.774184 0 5.75
0.784878 1 3.75
0.785244 1 3.75
0.762521 0 6.25
0.735313 0 7.5
0.760103 0 7
0.762722 1 3.75
0.753811 0 8.25
0.750667 0 5
0.756167 1 3.75
0.740984 0 3.75
0.758869 0 6.25
0.744023 1 3.75
0.796312 0 3.75
0.803188 0 7
0.806294 0 5
0.81303 1 3.75
0.808689 0 5
0.770173 1 3.75
0.784632 1 3.75
0.7873 0 5
0.811292 0 7
0.822567 1 5
0.802067 0 3.75
0.79336 1 5
0.788701 1 3.75
0.773935 0 9.5
0.784941 0 3.75
0.758964 0 5
0.763579 0 3.75
0.790905 0 5
0.783776 1 3.75
