0.022329 0 17
0.023164 0 17
0.023587 0 17
0.023715 0 17
0.023629 0 17
0.023392 0 17
0.022885 0 17
0.023197 0 17
0.023322 0 17
0.023236 0 17
0.023246 0 17
0.0231 0 17
0.022592 0 17
0.021718 0 17
0.02317 0 17
0.022821 0 17
0.023821 0 17
0.022965 0 17
0.02265 0 17
0.022017 0 17
0.022256 0 17
0.024018 0 17
0.025308 0 17
0.022584 0 17
0.026862 0 17
0.02289 0 17
0.030518 0 17
0.022564 0 17
0.022392 0 17
0.023131 0 17
0.022779 0 17
0.022024 0 17
0.021808 0 17
0.021729 0 17
0.023562 0 17
0.022568 0 17
0.021851 0 17
0.021945 0 17
0.021895 0 17
0.022556 0 17
0.022071 0 17
0.021999 0 17
0.022331 0 17
0.022195 0 17
0.023175 0 17
0.022873 0 17
0.022089 0 17
0.02603 0 17
0.023115 0 17
0.023188 0 17
0.02213 0 17
0.025198 0 17
0.023646 0 17
0.022476 0 17
0.022279 0 17
0.021992 0 17
0.023456 0 17
0.023482 0 17
0.022186 0 17
0.02367 0 17
0.021675 0 17
0.021879 0 17
0.023306 0 17
0.023753 0 17
0.023706 0 17
0.02232 0 17
0.022378 0 17
0.023157 0 17
0.025925 0 17
0.022751 0 17
0.022545 0 17
0.02275 0 17
0.026085 0 17
0.022565 0 17
0.022762 0 17
0.02289 0 17
0.02617 0 17
0.022656 0 17
0.022245 0 17
0.021915 0 17
0.023028 0 17
0.022088 0 17
0.022057 0 17
0.022157 0 17
0.022277 0 17
0.023934 0 17
0.022228 0 17
0.021989 0 17
0.022186 0 17
0.022347 0 17
0.023793 0 17
0.022363 0 17
0.021868 0 17
0.022795 0 17
0.022495 0 17
0.022505 0 17
0.022174 0 17
0.022404 0 17
0.022624 0 17
