0.057201 0 17
0.057332 0 17
0.056575 0 17
0.056456 0 17
0.055859 0 17
0.055186 0 17
0.0638 0 17
0.055063 0 17
0.056295 0 17
0.054739 0 17
0.056359 0 17
0.05647 0 17
0.059809 0 17
0.057812 0 17
0.05657 0 17
0.055635 0 17
0.056328 0 17
0.056647 0 17
0.057472 0 17
0.06019 0 17
0.063237 0 17
0.056459 0 17
0.062969 0 17
0.055898 0 17
0.056619 0 17
0.055559 0 17
0.056107 0 17
0.0554 0 17
0.056712 0 17
0.055606 0 17
0.056903 0 17
0.056618 0 17
0.057948 0 17
0.057238 0 17
0.059303 0 17
0.054736 0 17
0.056217 0 17
0.059691 0 17
0.059354 0 17
0.057115 0 17
0.05815 0 17
0.058376 0 17
0.057469 0 17
0.0599 0 17
0.056576 0 17
0.055282 0 17
0.056815 0 17
0.056112 0 17
0.066062 0 17
0.05547 0 17
0.057796 0 17
0.05584 0 17
0.056342 0 17
0.057528 0 17
0.058325 0 17
0.060645 0 17
0.058614 0 17
0.05706 0 17
0.060031 0 17
0.057527 0 17
0.058484 0 17
0.059676 0 17
0.05697 0 17
0.055504 0 17
0.056254 0 17
0.05809 0 17
0.055155 0 17
0.054625 0 17
0.055234 0 17
0.054492 0 17
0.055923 0 17
0.056135 0 17
0.05855 0 17
0.055751 0 17
0.057139 0 17
0.055859 0 17
0.056512 0 17
0.060852 0 17
0.057999 0 17
0.061264 0 17
0.056747 0 17
0.056022 0 17
0.057342 0 17
0.055879 0 17
0.055963 0 17
0.054599 0 17
0.056567 0 17
0.054806 0 17
0.058787 0 17
0.05595 0 17
0.056526 0 17
0.057191 0 17
0.059341 0 17
0.057836 0 17
0.059572 0 17
0.054728 0 17
0.056449 0 17
0.055702 0 17
0.056572 0 17
