0.024198 0 94.75
0.026262 0 94.75
0.023006 0 94.75
0.022395 0 94.75
0.02245 0 94.75
0.022862 0 94.75
0.022367 0 94.75
0.022838 0 94.75
0.022466 0 94.75
0.022468 0 94.75
0.023288 0 94.75
0.022759 0 94.75
0.022694 0 94.75
0.022926 0 94.75
0.023173 0 94.75
0.022757 0 94.75
0.022845 0 94.75
0.022871 0 94.75
0.023033 0 94.75
0.023033 0 94.75
0.022618 0 94.75
0.022859 0 94.75
0.022806 0 94.75
0.023024 0 94.75
0.022845 0 94.75
0.022846 0 94.75
0.02261 0 94.75
0.022973 0 94.75
0.02272 0 94.75
0.022828 0 94.75
0.022578 0 94.75
0.022628 0 104.75
0.022962 0 94.75
0.023851 0 94.75
0.022923 0 94.75
0.022717 0 94.75
0.022405 0 94.75
0.022713 0 94.75
0.022683 0 94.75
0.022591 0 94.75
0.022565 0 94.75
0.023122 0 94.75
0.023075 0 94.75
0.022879 0 94.75
0.022541 0 94.75
0.022434 0 94.75
0.022782 0 94.75
0.022927 0 94.75
0.02318 0 94.75
0.023117 0 94.75
0.022917 0 94.75
0.023217 0 94.75
0.022891 0 94.75
0.023029 0 94.75
0.022939 0 94.75
0.023099 0 94.75
0.022578 0 94.75
0.022647 0 94.75
0.022757 0 94.75
0.023295 0 94.75
0.022753 0 94.75
0.022965 0 94.75
0.022757 0 94.75
0.023129 0 94.75
0.02245 0 94.75
0.0223 0 94.75
0.023106 0 94.75
0.023156 0 94.75
0.02242 0 94.75
0.022679 0 94.75
0.023081 0 94.75
0.022894 0 94.75
0.022839 0 94.75
0.023104 0 94.75
0.023229 0 94.75
0.022768 0 94.75
0.02291 0 94.75
0.022677 0 94.75
0.023261 0 94.75
0.022864 0 94.75
0.023021 0 94.75
0.023066 0 94.75
0.022706 0 94.75
0.022886 0 94.75
0.022882 0 94.75
0.023264 0 94.75
0.022873 0 94.75
0.022618 0 94.75
0.023017 0 94.75
0.02282 0 94.75
0.022835 0 94.75
0.02281 0 94.75
0.023423 0 94.75
0.02261 0 94.75
0.022787 0 94.75
0.023817 0 94.75
0.022822 0 94.75
0.022462 0 94.75
0.022706 0 94.75
