5.87781 1 3.75
5.87953 0 3.75
5.87162 1 3.75
5.91791 0 6.25
5.9771 1 3.75
5.98782 0 3.75
5.89146 0 3.75
5.95734 0 3.75
5.88716 0 5
5.94401 0 5
5.87357 0 5
5.91636 1 3.75
6.17729 0 5
5.99336 0 5.75
6.10006 0 5
5.93566 0 3.75
6.04108 0 5
5.8456 0 3.75
5.98637 0 3.75
6.07424 0 3.75
5.92258 0 5
5.85153 1 3.75
5.86762 0 3.75
5.81208 0 3.75
5.76734 0 5
5.94076 0 3.75
6.05152 0 3.75
5.97304 0 5
5.89567 1 3.75
5.78719 0 3.75
5.87764 0 5
6.12139 0 3.75
6.04222 0 5
6.04764 0 3.75
6.55053 0 5
6.18729 0 3.75
5.92259 0 3.75
6.17847 0 3.75
6.06832 1 3.75
5.97989 0 3.75
6.03419 0 3.75
5.96106 1 3.75
5.95362 0 5
5.83642 0 5
5.91383 0 5
5.88793 0 5
5.9203 0 3.75
5.84441 0 5
6.07766 0 5
5.75974 1 3.75
5.77847 0 3.75
5.81601 0 3.75
5.93613 1 3.75
5.84032 0 5
5.88984 0 3.75
5.90341 0 3.75
5.87209 0 3.75
6.0053 1 3.75
5.90297 0 3.75
5.95245 0 3.75
5.88391 0 3.75
5.93161 0 3.75
6.03728 0 5
6.29191 0 3.75
6.36032 0 6.25
5.93507 0 5
5.80762 0 6.25
6.03116 0 3.75
5.82303 1 3.75
5.78572 0 5
5.90235 0 5
6.15801 0 3.75
5.95394 0 5
5.93863 0 5
6.02329 0 3.75
6.16211 0 5
6.2571 0 5
6.33217 0 3.75
5.84842 0 3.75
5.84196 0 3.75
6.07259 0 3.75
5.81715 0 3.75
5.9779 0 5.75
5.91897 0 5
5.97025 0 3.75
6.04761 0 3.75
5.97848 0 5
5.8765 0 3.75
6.22954 0 3.75
6.42021 0 3.75
6.10405 0 3.75
6.10208 0 3.75
5.83539 0 5
5.78125 0 3.75
5.91902 0 3.75
5.87325 0 3.75
5.8887 0 3.75
6.00014 0 3.75
5.76429 0 3.75
