6.10792 1 3.75
6.21633 1 3.75
6.17828 1 3.75
6.75694 1 3.75
6.39987 1 3.75
6.15682 1 3.75
6.47255 1 3.75
6.3389 1 3.75
6.0894 1 3.75
6.05456 0 3.75
6.09924 1 3.75
6.26598 1 3.75
6.05163 1 3.75
6.26354 1 3.75
6.13797 1 3.75
6.19634 1 3.75
6.09281 1 3.75
6.57481 1 3.75
6.33182 1 3.75
6.36565 1 3.75
6.17343 1 3.75
6.25112 1 3.75
6.07075 0 5
6.56843 1 3.75
6.17307 1 3.75
6.16467 1 3.75
5.9741 1 3.75
6.04029 1 3.75
6.22486 1 3.75
6.2199 1 3.75
6.25547 1 3.75
5.86468 1 3.75
5.73837 1 3.75
5.88485 1 3.75
6.06526 1 3.75
6.1354 1 3.75
5.69631 1 3.75
5.75821 1 3.75
5.81039 1 3.75
6.04418 1 3.75
6.01041 1 3.75
5.95449 1 3.75
6.23857 1 3.75
5.82942 1 3.75
5.82219 1 3.75
5.88459 1 3.75
5.78995 1 3.75
5.88695 1 3.75
6.02924 1 3.75
5.87449 1 3.75
5.86506 1 3.75
5.84609 0 3.75
5.92972 1 3.75
5.86207 1 3.75
5.82932 1 3.75
5.97275 1 3.75
5.85015 1 3.75
6.04637 1 3.75
5.96273 1 3.75
5.90437 1 3.75
5.8048 1 3.75
5.97323 1 3.75
6.02825 1 3.75
6.06698 1 3.75
5.85173 1 3.75
5.98703 0 3.75
6.09937 1 3.75
5.92725 1 3.75
5.93083 1 3.75
5.87754 1 3.75
6.16091 1 3.75
5.74798 1 3.75
5.98161 1 3.75
5.948 1 3.75
5.98465 1 3.75
5.95231 1 3.75
5.92341 1 3.75
5.9116 1 3.75
5.80761 1 3.75
5.88342 1 3.75
5.73209 1 3.75
5.73599 1 3.75
5.76774 1 3.75
5.77547 1 3.75
5.74626 1 3.75
5.89457 1 3.75
5.90469 1 3.75
5.99107 1 3.75
5.7448 0 5
5.79278 1 3.75
5.88602 1 3.75
5.90872 1 3.75
6.0887 1 3.75
5.73716 0 6.25
5.72234 1 3.75
5.70031 1 3.75
5.69375 1 3.75
5.7084 1 3.75
5.76368 1 3.75
