1.13145 0 5
1.11512 1 3.75
1.11734 2 3.75
1.11646 0 5
1.11621 1 3.75
1.1138 1 3.75
1.1136 0 3.75
1.11706 0 5
1.1106 0 3.75
1.11805 0 5
1.10783 1 3.75
1.13146 1 5
1.10631 1 3.75
1.11454 0 5
1.11009 1 3.75
1.12386 1 3.75
1.11526 0 3.75
1.11828 1 3.75
1.11711 1 3.75
1.11813 1 3.75
1.11322 1 5
1.13217 0 3.75
1.11288 1 3.75
1.11271 0 3.75
1.11282 1 5
1.12725 0 5
1.11199 1 3.75
1.11566 1 3.75
1.10941 1 5
1.12897 1 5
1.11088 1 5
1.12637 1 3.75
1.11444 0 3.75
1.11793 1 3.75
1.11569 0 5
1.11631 1 3.75
1.10722 0 3.75
1.11787 0 5
1.11405 1 3.75
1.11237 0 5
1.11295 1 3.75
1.11523 1 3.75
1.10805 1 3.75
1.1297 0 3.75
1.11167 1 3.75
1.11297 1 3.75
1.11077 1 3.75
1.11783 0 5
1.1156 1 3.75
1.11615 1 3.75
1.1115 0 5
1.11389 0 3.75
1.11115 1 3.75
1.12854 1 5
1.13911 0 6.25
1.13287 1 3.75
1.1162 0 5
1.11347 0 3.75
1.1074 0 3.75
1.11834 1 3.75
1.11122 0 3.75
1.11865 0 5
1.11608 1 3.75
1.11946 1 5
1.11053 1 3.75
1.11991 0 9
1.11357 1 3.75
1.1153 0 5
1.10786 0 3.75
1.11479 1 3.75
1.11377 0 6.25
1.12273 1 3.75
1.11463 1 3.75
1.11129 1 3.75
1.11263 1 5
1.11818 1 3.75
1.11466 1 3.75
1.11575 0 5
1.11932 1 3.75
1.12014 0 3.75
1.1085 0 5
1.11338 0 5
1.10813 0 5
1.11788 0 5
1.10847 1 5
1.10956 1 3.75
1.11568 1 3.75
1.12806 0 3.75
1.11351 1 3.75
1.11157 1 3.75
1.11672 1 3.75
1.11521 1 3.75
1.11557 2 3.75
1.12822 1 5
1.11086 0 3.75
1.11871 1 5
1.13183 1 3.75
1.12021 0 3.75
1.11437 0 5
