0.015251 0 17
0.011638 0 17
0.011829 0 17
0.011593 0 17
0.011541 0 17
0.01142 0 17
0.011462 0 17
0.013523 0 17
0.015528 0 17
0.012242 0 17
0.012348 0 17
0.011819 0 17
0.011827 0 17
0.012057 0 17
0.011986 0 17
0.012813 0 17
0.011505 0 17
0.012003 0 17
0.011393 0 17
0.011511 0 17
0.01134 0 17
0.011493 0 17
0.011478 0 17
0.011861 0 17
0.011695 0 17
0.01139 0 17
0.011404 0 17
0.011363 0 17
0.011573 0 17
0.01147 0 17
0.011355 0 17
0.011864 0 17
0.011886 0 17
0.011626 0 17
0.011738 0 17
0.011737 0 17
0.011689 0 17
0.011622 0 17
0.011609 0 17
0.013017 0 17
0.011571 0 17
0.011587 0 17
0.011622 0 17
0.011457 0 17
0.011405 0 17
0.011456 0 17
0.011391 0 17
0.012947 0 17
0.011675 0 17
0.011441 0 17
0.011513 0 17
0.01182 0 17
0.011474 0 17
0.011478 0 17
0.011708 0 17
0.012241 0 17
0.011664 0 17
0.011876 0 17
0.011833 0 17
0.011699 0 17
0.011762 0 17
0.011433 0 17
0.012151 0 17
0.011811 0 17
0.011454 0 17
0.011679 0 17
0.011639 0 17
0.011625 0 17
0.011813 0 17
0.011991 0 17
0.012098 0 17
0.011545 0 17
0.011888 0 17
0.01231 0 17
0.012224 0 17
0.012069 0 17
0.012114 0 17
0.011517 0 17
0.011842 0 17
0.011558 0 17
0.011499 0 17
0.011544 0 17
0.011881 0 17
0.012246 0 17
0.011986 0 17
0.011819 0 17
0.011606 0 17
0.011838 0 17
0.011919 0 17
0.011887 0 17
0.011674 0 17
0.012395 0 17
0.011763 0 17
0.011774 0 17
0.01161 0 17
0.011714 0 17
0.011567 0 17
0.011821 0 17
0.01148 0 17
