0.685968 1 3.75
0.676612 1 3.75
0.678729 1 5
0.680257 1 3.75
0.676879 1 3.75
0.677853 1 3.75
0.676599 1 5
0.679405 1 3.75
0.678368 1 5
0.679814 1 5
0.675302 1 3.75
0.676966 1 5
0.680086 1 3.75
0.675721 1 3.75
0.678768 1 3.75
0.678982 1 3.75
0.680652 1 3.75
0.677596 1 3.75
0.677099 1 3.75
0.676033 1 3.75
0.684714 1 3.75
0.679989 2 3.75
0.680761 1 3.75
0.680694 1 3.75
0.679631 1 3.75
0.677747 1 3.75
0.680002 1 3.75
0.675375 1 3.75
0.684389 1 5
0.678498 1 3.75
0.680997 1 3.75
0.683157 1 3.75
0.682484 1 3.75
0.684312 1 3.75
0.715109 1 3.75
0.693427 1 3.75
0.679404 1 5.75
0.68473 1 3.75
0.683147 1 3.75
0.680846 1 3.75
0.713203 1 3.75
0.718942 1 3.75
0.728412 1 3.75
0.781387 1 3.75
0.692784 1 3.75
0.731324 1 5
0.70907 1 3.75
0.708412 1 5
0.713194 1 3.75
0.690968 1 3.75
0.698435 1 3.75
0.702024 1 3.75
0.705922 1 3.75
0.705474 1 3.75
0.681029 1 3.75
0.682848 1 5
0.690531 1 5
0.706375 1 5
0.699784 1 3.75
0.729355 1 3.75
0.688102 1 5
0.677938 1 3.75
0.690086 1 3.75
0.682564 1 3.75
0.690978 1 3.75
0.700213 1 5
0.683921 1 3.75
0.679705 1 5
0.686621 1 3.75
0.701397 1 3.75
0.683477 1 3.75
0.685932 1 3.75
0.67639 1 3.75
0.674636 1 3.75
0.684577 1 3.75
0.679044 1 5
0.677004 1 5
0.679979 1 3.75
0.680506 1 5.75
0.682649 1 3.75
0.681934 1 5
0.681963 1 3.75
0.687175 1 3.75
0.707754 1 3.75
0.699858 1 5
0.685685 1 3.75
0.742357 1 3.75
0.77882 1 3.75
0.784042 1 5
0.762752 1 5
0.775434 1 3.75
0.773671 1 5
0.774933 0 12.25
0.774566 1 6.25
0.770073 1 5
0.791473 1 5
0.801418 1 5
0.737028 1 3.75
0.709974 1 5
