0.005708 0 17
0.006361 0 17
0.005759 0 17
0.005757 0 17
0.006275 0 17
0.00686 0 17
0.005992 0 17
0.007494 0 17
0.009504 0 17
0.005921 0 17
0.006293 0 17
0.00591 0 17
0.005747 0 17
0.006629 0 17
0.006297 0 17
0.005854 0 17
0.006275 0 17
0.006781 0 17
0.005855 0 17
0.00609 0 17
0.007055 0 17
0.007935 0 17
0.007217 0 17
0.005785 0 17
0.005775 0 17
0.006159 0 17
0.006251 0 17
0.005696 0 17
0.005635 0 17
0.008356 0 17
0.005699 0 17
0.006 0 17
0.007987 0 17
0.009218 0 17
0.007642 0 17
0.006401 0 17
0.005789 0 17
0.005844 0 17
0.005738 0 17
0.005629 0 17
0.005541 0 17
0.005872 0 17
0.005654 0 17
0.005597 0 17
0.006163 0 17
0.005677 0 17
0.005881 0 17
0.005792 0 17
0.005748 0 17
0.005624 0 17
0.005647 0 17
0.006944 0 17
0.006177 0 17
0.005659 0 17
0.0059 0 17
0.005708 0 17
0.005772 0 17
0.005662 0 17
0.005915 0 17
0.006053 0 17
0.006093 0 17
0.008018 0 17
0.005991 0 17
0.005683 0 17
0.005997 0 17
0.005825 0 17
0.005777 0 17
0.005748 0 17
0.005949 0 17
0.005799 0 17
0.005826 0 17
0.005883 0 17
0.005915 0 17
0.005564 0 17
0.006084 0 17
0.005798 0 17
0.005629 0 17
0.005748 0 17
0.005997 0 17
0.006076 0 17
0.00695 0 17
0.005817 0 17
0.00611 0 17
0.005795 0 17
0.005778 0 17
0.005659 0 17
0.006223 0 17
0.005919 0 17
0.00588 0 17
0.007027 0 17
0.005888 0 17
0.00567 0 17
0.005881 0 17
0.005703 0 17
0.005702 0 17
0.005785 0 17
0.005753 0 17
0.005795 0 17
0.006579 0 17
