5.97272 1 3.75
6.28697 1 3.75
6.10121 1 3.75
5.908 1 3.75
5.96939 1 3.75
5.76981 1 3.75
5.95379 1 3.75
5.60332 1 3.75
5.65528 1 3.75
5.77966 0 3.75
5.71945 1 3.75
5.66042 1 3.75
5.7754 0 3.75
5.73188 1 3.75
5.74799 1 3.75
5.70693 1 3.75
5.68529 1 3.75
5.67602 0 3.75
5.7735 1 3.75
5.79728 1 3.75
5.76659 1 3.75
5.68591 1 3.75
5.76545 1 3.75
6.07417 1 3.75
6.02659 1 3.75
5.8129 1 3.75
5.89623 1 3.75
6.01017 1 3.75
5.56909 1 3.75
5.55723 1 3.75
5.56753 1 3.75
5.54757 1 5
5.57959 1 3.75
5.61944 1 3.75
5.55034 1 3.75
5.64415 1 3.75
5.65042 1 3.75
5.69493 1 3.75
5.88592 1 3.75
5.99913 1 3.75
5.96643 1 3.75
5.92665 1 3.75
5.8174 1 3.75
5.98266 1 3.75
5.67159 1 3.75
5.55225 1 3.75
5.72525 1 3.75
5.73538 1 3.75
5.69198 1 3.75
5.79002 1 3.75
5.63967 1 3.75
5.59168 0 5
5.6493 1 3.75
5.62071 1 3.75
5.62383 1 3.75
5.70753 1 3.75
6.29523 1 3.75
5.84055 1 3.75
5.74374 1 3.75
5.55212 1 3.75
5.68884 1 3.75
5.57155 1 3.75
5.56439 1 3.75
5.57118 1 3.75
5.61461 0 3.75
5.60996 1 3.75
5.64106 1 3.75
5.60033 1 3.75
5.58041 0 3.75
5.63982 0 3.75
5.80098 1 3.75
5.62285 1 3.75
5.69153 1 3.75
5.67984 1 3.75
5.75122 1 3.75
5.63291 1 3.75
5.6269 1 3.75
5.56264 1 3.75
5.64855 1 3.75
5.7889 0 3.75
5.66795 1 3.75
5.74441 1 3.75
5.70952 1 5
5.7647 1 3.75
5.7195 1 3.75
5.86561 1 3.75
5.74971 1 3.75
5.78761 1 3.75
5.57341 0 3.75
5.55053 1 3.75
5.60984 1 3.75
5.68882 1 3.75
5.66555 1 3.75
5.6783 1 3.75
5.66343 1 3.75
5.64738 1 3.75
5.55344 1 3.75
5.61887 1 3.75
5.73019 1 3.75
