11.6379 0 3.75
11.4409 0 3.75
11.4524 0 3.75
11.4152 1 3.75
11.5925 1 3.75
11.7476 0 3.75
11.1458 0 5
11.3148 0 5
11.0848 1 3.75
11.3115 0 5
11.1907 0 6.25
11.4816 1 3.75
11.2862 1 3.75
11.2963 1 3.75
11.5822 1 3.75
11.2125 0 5
11.4183 1 3.75
11.3533 0 3.75
11.2626 1 3.75
11.214 1 3.75
11.2601 0 6.25
11.4092 0 3.75
12.0381 0 3.75
11.6523 0 3.75
11.5165 0 3.75
11.414 1 3.75
11.2709 1 3.75
12.45 1 3.75
12.307 0 7
11.9729 0 5
11.3416 0 3.75
11.3133 1 3.75
11.2622 0 3.75
11.3711 0 5
11.5837 1 3.75
11.0453 0 3.75
11.4662 1 3.75
11.1689 0 3.75
11.6446 0 5
11.3812 1 3.75
11.0562 1 3.75
11.4304 0 3.75
11.5878 0 3.75
11.5262 0 5
11.4065 1 3.75
11.3787 0 3.75
11.2247 0 3.75
11.6216 0 3.75
11.3239 0 3.75
11.3639 1 3.75
11.5698 0 7
11.0269 0 5
11.0021 0 5
11.0128 0 3.75
11.0124 0 5
11.6135 0 5
12.1675 0 5
11.422 0 3.75
11.5866 0 5
12.152 0 7.5
11.2321 0 3.75
11.2453 1 3.75
11.0695 0 5
11.1826 1 3.75
11.1729 0 3.75
11.5226 0 6.25
11.2081 0 6.25
11.273 1 3.75
11.246 0 5
11.213 0 3.75
11.1675 1 3.75
11.1654 1 3.75
11.1879 0 3.75
11.5505 0 3.75
11.6063 1 3.75
11.6684 1 3.75
11.2375 0 3.75
11.1558 1 3.75
11.3752 1 3.75
11.0379 1 3.75
11.171 0 5
11.17 0 3.75
11.1975 1 3.75
11.024 1 3.75
11.0444 1 3.75
11.0254 1 3.75
10.9813 1 3.75
11.3421 0 3.75
11.2106 0 3.75
11.193 0 5
11.1884 1 3.75
11.2117 0 3.75
11.2004 1 3.75
11.1797 0 3.75
11.1883 1 3.75
11.3811 0 3.75
11.1495 1 3.75
11.3709 1 3.75
11.195 1 3.75
