0.114487 0 17
0.114253 0 17
0.119503 0 17
0.128494 0 17
0.125302 0 17
0.122123 0 17
0.123461 0 17
0.113042 0 17
0.12059 0 17
0.113792 0 17
0.119853 0 17
0.12683 0 17
0.113574 0 17
0.116443 0 17
0.111281 0 17
0.110524 0 17
0.111548 0 17
0.113445 0 17
0.110282 0 17
0.118303 0 17
0.113516 0 17
0.110883 0 17
0.109543 0 17
0.112401 0 17
0.109939 0 17
0.11016 0 17
0.109895 0 17
0.109951 0 17
0.113804 0 17
0.11712 0 17
0.11023 0 17
0.109972 0 17
0.111482 0 17
0.111534 0 17
0.111212 0 17
0.109292 0 17
0.114352 0 17
0.110488 0 17
0.110909 0 17
0.11047 0 17
0.113395 0 17
0.113024 0 17
0.110101 0 17
0.109533 0 17
0.109719 0 17
0.116196 0 17
0.109163 0 17
0.112837 0 17
0.110256 0 17
0.1107 0 17
0.10997 0 17
0.110075 0 17
0.11015 0 17
0.108985 0 17
0.11044 0 17
0.112888 0 17
0.110419 0 17
0.114341 0 17
0.11107 0 17
0.117117 0 17
0.109142 0 17
0.109733 0 17
0.109643 0 17
0.113528 0 17
0.112736 0 17
0.110754 0 17
0.113971 0 17
0.110757 0 17
0.111935 0 17
0.110024 0 17
0.11001 0 17
0.113721 0 17
0.109348 0 17
0.112773 0 17
0.114816 0 17
0.110868 0 17
0.10988 0 17
0.110296 0 17
0.10909 0 17
0.1106 0 17
0.113876 0 17
0.110567 0 17
0.112845 0 17
0.110111 0 17
0.115894 0 17
0.111713 0 17
0.110887 0 17
0.110163 0 17
0.115346 0 17
0.135209 0 17
0.117326 0 17
0.116102 0 17
0.124945 0 17
0.11021 0 17
0.114173 0 17
0.110154 0 17
0.113449 0 17
0.110576 0 17
0.112845 0 17
