0.091545 0 20
0.095696 0 20
0.095441 0 20
0.095847 0 20
0.090937 0 20
0.091656 0 20
0.089998 0 20
0.090887 0 20
0.089879 0 20
0.091036 0 20
0.094607 0 20
0.091078 0 20
0.091784 0 20
0.0944 0 20
0.090428 0 20
0.091607 0 20
0.090031 0 20
0.091751 0 20
0.09063 0 20
0.094849 0 20
0.097621 0 20
0.097846 0 20
0.096166 0 20
0.100245 0 20
0.09064 0 20
0.090984 0 20
0.09099 0 20
0.090771 0 20
0.089551 0 20
0.094107 0 20
0.090352 0 20
0.092155 0 20
0.09091 0 20
0.094246 0 20
0.093837 0 20
0.094331 0 20
0.090434 0 20
0.092626 0 20
0.090186 0 20
0.091473 0 20
0.090382 0 20
0.095005 0 20
0.094633 0 20
0.092508 0 20
0.09109 0 20
0.095691 0 20
0.093326 0 20
0.092356 0 20
0.0902 0 20
0.091111 0 20
0.0899 0 20
0.091287 0 20
0.090887 0 20
0.094969 0 20
0.090585 0 20
0.092062 0 20
0.091029 0 20
0.091163 0 20
0.091347 0 20
0.090702 0 20
0.090754 0 20
0.091777 0 20
0.092526 0 20
0.092514 0 20
0.091018 0 20
0.091945 0 20
0.093158 0 20
0.091604 0 20
0.091121 0 20
0.092774 0 20
0.090485 0 20
0.092928 0 20
0.090455 0 20
0.092567 0 20
0.091064 0 20
0.09252 0 20
0.091086 0 20
0.091477 0 20
0.090156 0 20
0.094309 0 20
0.090214 0 20
0.094348 0 20
0.090278 0 20
0.094397 0 20
0.090953 0 20
0.095073 0 20
0.090853 0 20
0.093246 0 20
0.090024 0 20
0.094109 0 20
0.095291 0 20
0.094341 0 20
0.094163 0 20
0.092255 0 20
0.091245 0 20
0.09248 0 20
0.090429 0 20
0.092227 0 20
0.09393 0 20
