2.20789 2 3.75
2.19725 1 3.75
2.20117 1 3.75
2.20233 1 3.75
2.19732 1 3.75
2.19208 0 3.75
2.19645 1 5
2.2069 1 3.75
2.19505 1 3.75
2.19544 1 5
2.19846 1 3.75
2.19669 1 3.75
2.20661 2 3.75
2.19798 1 3.75
2.20491 2 3.75
2.21427 1 3.75
2.18766 1 5
2.19887 1 3.75
2.19849 1 3.75
2.20294 1 3.75
2.19241 1 3.75
2.20572 2 3.75
2.19904 2 3.75
2.19529 1 5
2.19131 0 3.75
2.19681 1 3.75
2.19311 1 5
2.20815 1 5
2.19944 2 5
2.19506 1 5
2.20029 1 5
2.19639 1 6.25
2.19631 0 3.75
2.19886 0 5
2.20531 1 3.75
2.19408 0 5
2.20366 1 3.75
2.20452 1 3.75
2.19864 2 3.75
2.20526 1 6.25
2.20436 1 3.75
2.20802 0 3.75
2.20078 2 3.75
2.20965 1 5
2.21171 1 5
2.19704 1 3.75
2.24179 2 3.75
2.20645 2 3.75
2.1889 0 5
2.21186 1 5
2.19499 1 3.75
2.20161 0 5
2.21163 1 5
2.19789 1 3.75
2.19381 2 3.75
2.19112 1 3.75
2.19164 2 3.75
2.19819 1 5
2.19617 0 5
2.21181 2 5
2.19323 1 3.75
2.19834 1 3.75
2.19295 0 5
2.19409 2 3.75
2.1938 0 3.75
2.20075 1 3.75
2.2142 0 6.25
2.18891 1 3.75
2.20758 0 5
2.19832 1 5
2.20121 1 3.75
2.20671 1 5
2.20033 1 5
2.18851 1 3.75
2.18804 1 3.75
2.19941 2 3.75
2.20125 2 3.75
2.2055 1 3.75
2.21662 2 3.75
2.18895 1 3.75
2.20899 1 3.75
2.19467 2 3.75
2.20808 1 3.75
2.20455 1 3.75
2.1964 1 5
2.19993 1 5
2.20967 2 3.75
2.19975 1 5
2.20452 0 3.75
2.19361 0 5
2.19772 1 3.75
2.29689 1 7.5
2.2062 1 3.75
2.2611 0 5
2.28903 1 6.25
2.20725 2 3.75
2.20026 2 3.75
2.20543 2 3.75
2.20568 1 5
