0.027986 0 94.75
0.031407 0 94.75
0.029168 0 94.75
0.029391 0 94.75
0.028685 0 94.75
0.028476 0 94.75
0.028341 0 94.75
0.029141 0 94.75
0.028672 0 94.75
0.028623 0 94.75
0.028491 0 94.75
0.028861 0 94.75
0.028581 0 94.75
0.028311 0 94.75
0.028431 0 94.75
0.028514 0 94.75
0.028351 0 94.75
0.028305 0 94.75
0.028337 0 94.75
0.028676 0 94.75
0.028466 0 94.75
0.028468 0 94.75
0.028258 0 94.75
0.028708 0 94.75
0.028344 0 94.75
0.028354 0 94.75
0.02899 0 94.75
0.028442 0 94.75
0.028627 0 94.75
0.028466 0 94.75
0.028469 0 94.75
0.028668 0 94.75
0.028644 0 94.75
0.028775 0 94.75
0.02807 0 94.75
0.031251 0 94.75
0.029685 0 94.75
0.028328 0 94.75
0.028743 0 94.75
0.029288 0 94.75
0.029326 0 94.75
0.028868 0 94.75
0.029272 0 94.75
0.033598 0 94.75
0.029005 0 94.75
0.032013 0 94.75
0.028618 0 94.75
0.028892 0 94.75
0.029186 0 94.75
0.029135 0 94.75
0.028825 0 94.75
0.028768 0 94.75
0.02841 0 94.75
0.028176 0 94.75
0.028233 0 94.75
0.029134 0 94.75
0.027876 0 94.75
0.028203 0 94.75
0.027935 0 94.75
0.028497 0 94.75
0.028248 0 94.75
0.028427 0 94.75
0.028516 0 94.75
0.028597 0 94.75
0.028299 0 94.75
0.0282 0 94.75
0.028189 0 94.75
0.028602 0 94.75
0.028851 0 94.75
0.031699 0 94.75
0.028578 0 94.75
0.028864 0 94.75
0.028297 0 94.75
0.028374 0 94.75
0.028802 0 94.75
0.028747 0 94.75
0.028754 0 94.75
0.028436 0 94.75
0.028789 0 94.75
0.02919 0 94.75
0.028641 0 94.75
0.02863 0 94.75
0.028533 0 94.75
0.028964 0 94.75
0.028693 0 94.75
0.028704 0 94.75
0.028665 0 94.75
0.029243 0 94.75
0.028503 0 94.75
0.028962 0 94.75
0.028449 0 94.75
0.028832 0 94.75
0.028661 0 94.75
0.028688 0 94.75
0.02801 0 94.75
0.028901 0 94.75
0.02876 0 94.75
0.02824 0 94.75
0.028761 0 94.75
