0.004919 0 20
0.004955 0 20
0.00493 0 20
0.004922 0 20
0.004917 0 20
0.005003 0 20
0.004958 0 20
0.00497 0 20
0.006185 0 20
0.004945 0 20
0.004929 0 20
0.00502 0 20
0.005053 0 20
0.004936 0 20
0.004897 0 20
0.004978 0 20
0.004993 0 20
0.005003 0 20
0.004876 0 20
0.004922 0 20
0.004899 0 20
0.005005 0 20
0.004918 0 20
0.005047 0 20
0.005013 0 20
0.00495 0 20
0.004855 0 20
0.004916 0 20
0.005112 0 20
0.005014 0 20
0.0049 0 20
0.004954 0 20
0.004976 0 20
0.004942 0 20
0.004934 0 20
0.004896 0 20
0.004868 0 20
0.005023 0 20
0.004918 0 20
0.005059 0 20
0.005051 0 20
0.007583 0 20
0.004921 0 20
0.004849 0 20
0.004854 0 20
0.004769 0 20
0.004961 0 20
0.004969 0 20
0.004962 0 20
0.004928 0 20
0.005053 0 20
0.004877 0 20
0.005014 0 20
0.004891 0 20
0.004913 0 20
0.005098 0 20
0.004903 0 20
0.005006 0 20
0.004935 0 20
0.00491 0 20
0.004905 0 20
0.004932 0 20
0.004863 0 20
0.004915 0 20
0.004755 0 20
0.004883 0 20
0.004858 0 20
0.004995 0 20
0.004821 0 20
0.004779 0 20
0.004804 0 20
0.004917 0 20
0.004906 0 20
0.004987 0 20
0.004888 0 20
0.004762 0 20
0.005052 0 20
0.004758 0 20
0.004958 0 20
0.004918 0 20
0.004909 0 20
0.004767 0 20
0.004933 0 20
0.004766 0 20
0.004932 0 20
0.004864 0 20
0.004848 0 20
0.004863 0 20
0.004959 0 20
0.004823 0 20
0.00495 0 20
0.004977 0 20
0.004887 0 20
0.004807 0 20
0.004805 0 20
0.004923 0 20
0.004838 0 20
0.004747 0 20
0.004892 0 20
