0.118472 0 17
0.115021 0 17
0.114718 0 17
0.113972 0 17
0.110047 0 17
0.11352 0 17
0.110522 0 17
0.109484 0 17
0.110007 0 17
0.115875 0 17
0.111936 0 17
0.110888 0 17
0.111514 0 17
0.111325 0 17
0.110299 0 17
0.113218 0 17
0.116079 0 17
0.110467 0 17
0.109866 0 17
0.114214 0 17
0.112937 0 17
0.110876 0 17
0.110258 0 17
0.110171 0 17
0.11009 0 17
0.111784 0 17
0.116988 0 17
0.118602 0 17
0.11419 0 17
0.132281 0 17
0.123172 0 17
0.114608 0 17
0.112776 0 17
0.121138 0 17
0.110313 0 17
0.110419 0 17
0.110083 0 17
0.111501 0 17
0.13372 0 17
0.124424 0 17
0.112718 0 17
0.112699 0 17
0.111957 0 17
0.110253 0 17
0.122059 0 17
0.110448 0 17
0.113909 0 17
0.111342 0 17
0.111025 0 17
0.110122 0 17
0.110147 0 17
0.110241 0 17
0.11056 0 17
0.111061 0 17
0.110929 0 17
0.110864 0 17
0.110896 0 17
0.11183 0 17
0.110928 0 17
0.110572 0 17
0.110091 0 17
0.110122 0 17
0.110182 0 17
0.110182 0 17
0.111338 0 17
0.10972 0 17
0.108911 0 17
0.110001 0 17
0.110741 0 17
0.112922 0 17
0.110324 0 17
0.110001 0 17
0.110853 0 17
0.109911 0 17
0.110006 0 17
0.116273 0 17
0.113388 0 17
0.111318 0 17
0.109849 0 17
0.109889 0 17
0.109329 0 17
0.109648 0 17
0.109481 0 17
0.110125 0 17
0.109345 0 17
0.11044 0 17
0.113008 0 17
0.109719 0 17
0.113337 0 17
0.111054 0 17
0.112952 0 17
0.113463 0 17
0.116488 0 17
0.110855 0 17
0.114058 0 17
0.110913 0 17
0.116917 0 17
0.121027 0 17
0.114066 0 17
