0.005939 0 17
0.005935 0 17
0.005838 0 17
0.005955 0 17
0.006186 0 17
0.005832 0 17
0.006306 0 17
0.005968 0 17
0.006031 0 17
0.006327 0 17
0.009335 0 17
0.005896 0 17
0.006913 0 17
0.005882 0 17
0.006089 0 17
0.006065 0 17
0.006582 0 17
0.00601 0 17
0.006215 0 17
0.006024 0 17
0.006102 0 17
0.005987 0 17
0.006172 0 17
0.009087 0 17
0.005877 0 17
0.006124 0 17
0.005904 0 17
0.005858 0 17
0.006072 0 17
0.006019 0 17
0.006406 0 17
0.006261 0 17
0.005852 0 17
0.005992 0 17
0.0059 0 17
0.006101 0 17
0.005934 0 17
0.006172 0 17
0.005867 0 17
0.005967 0 17
0.005994 0 17
0.005919 0 17
0.0062 0 17
0.005846 0 17
0.006438 0 17
0.005804 0 17
0.005969 0 17
0.005815 0 17
0.006183 0 17
0.005726 0 17
0.005911 0 17
0.006032 0 17
0.005944 0 17
0.005909 0 17
0.00599 0 17
0.006386 0 17
0.005834 0 17
0.005969 0 17
0.006404 0 17
0.005949 0 17
0.005922 0 17
0.006042 0 17
0.00601 0 17
0.006109 0 17
0.008421 0 17
0.005924 0 17
0.005926 0 17
0.006138 0 17
0.00588 0 17
0.005802 0 17
0.005916 0 17
0.006161 0 17
0.006382 0 17
0.005831 0 17
0.006014 0 17
0.005954 0 17
0.005906 0 17
0.006282 0 17
0.005709 0 17
0.005774 0 17
0.005766 0 17
0.005879 0 17
0.00596 0 17
0.005753 0 17
0.005802 0 17
0.006243 0 17
0.006284 0 17
0.005823 0 17
0.006081 0 17
0.005799 0 17
0.005947 0 17
0.006012 0 17
0.005848 0 17
0.006022 0 17
0.005855 0 17
0.005841 0 17
0.005725 0 17
0.005814 0 17
0.005873 0 17
