0.006117 0 94.75
0.005927 0 94.75
0.009059 0 94.75
0.006067 0 94.75
0.006145 0 94.75
0.007663 0 94.75
0.006103 0 94.75
0.005973 0 94.75
0.006023 0 94.75
0.006046 0 94.75
0.005971 0 94.75
0.005869 0 94.75
0.005938 0 94.75
0.005847 0 94.75
0.005951 0 94.75
0.005998 0 94.75
0.006514 0 94.75
0.005977 0 94.75
0.005863 0 94.75
0.006133 0 94.75
0.00599 0 94.75
0.006203 0 94.75
0.005853 0 94.75
0.006123 0 94.75
0.005992 0 94.75
0.005885 0 94.75
0.005969 0 94.75
0.005909 0 94.75
0.005904 0 94.75
0.006043 0 94.75
0.006274 0 94.75
0.005856 0 94.75
0.005958 0 94.75
0.00619 0 94.75
0.006017 0 94.75
0.006047 0 94.75
0.00591 0 94.75
0.006022 0 94.75
0.00593 0 94.75
0.005854 0 94.75
0.005991 0 94.75
0.006004 0 94.75
0.005955 0 94.75
0.006163 0 94.75
0.006123 0 94.75
0.005929 0 94.75
0.006014 0 94.75
0.006003 0 94.75
0.005978 0 94.75
0.005952 0 94.75
0.005941 0 94.75
0.006015 0 94.75
0.005891 0 94.75
0.00594 0 94.75
0.006285 0 94.75
0.006048 0 94.75
0.005981 0 94.75
0.006053 0 94.75
0.005976 0 94.75
0.005887 0 94.75
0.006039 0 94.75
0.005977 0 94.75
0.005983 0 94.75
0.005854 0 94.75
0.006016 0 94.75
0.006035 0 94.75
0.005843 0 94.75
0.005983 0 94.75
0.00589 0 94.75
0.00598 0 94.75
0.005949 0 94.75
0.00584 0 94.75
0.006195 0 94.75
0.005795 0 94.75
0.005895 0 94.75
0.006007 0 94.75
0.006035 0 94.75
0.005983 0 94.75
0.005977 0 94.75
0.005846 0 94.75
0.005959 0 94.75
0.005933 0 94.75
0.005881 0 94.75
0.006011 0 94.75
0.005974 0 94.75
0.005978 0 94.75
0.006157 0 94.75
0.006038 0 94.75
0.006312 0 94.75
0.006001 0 94.75
0.005999 0 94.75
0.005995 0 94.75
0.005893 0 94.75
0.006035 0 94.75
0.006142 0 94.75
0.005928 0 94.75
0.005901 0 94.75
0.005931 0 94.75
0.005931 0 94.75
