0.004712 0 20
0.00469 0 20
0.004769 0 20
0.005521 0 20
0.004823 0 20
0.004753 0 20
0.004706 0 20
0.004772 0 20
0.004634 0 20
0.004676 0 20
0.004791 0 20
0.004741 0 20
0.004797 0 20
0.004732 1 20
0.004744 0 20
0.004773 0 20
0.004649 0 20
0.004692 0 20
0.00475 0 20
0.004753 0 20
0.004838 0 20
0.004819 0 20
0.004693 0 20
0.004703 0 20
0.004737 0 20
0.004749 0 20
0.004657 0 20
0.004637 0 20
0.004707 0 20
0.004727 0 20
0.004707 0 20
0.004684 0 20
0.004901 0 20
0.004692 0 20
0.004714 0 20
0.004794 0 20
0.004765 0 20
0.004924 0 20
0.004834 0 20
0.004684 0 20
0.004879 0 20
0.004685 0 20
0.004679 0 20
0.004703 0 20
0.004825 0 20
0.004716 0 20
0.004652 0 20
0.004928 0 20
0.004623 0 20
0.00458 0 20
0.004704 0 20
0.004807 0 20
0.006455 0 20
0.004721 0 20
0.004684 0 20
0.004657 0 20
0.004651 0 20
0.004713 0 20
0.00467 0 20
0.004754 0 20
0.004555 0 20
0.004655 0 20
0.004532 0 20
0.004589 1 20
0.00454 0 20
0.004578 0 20
0.004567 0 20
0.004592 0 20
0.004707 0 20
0.004822 0 20
0.004915 0 20
0.004736 0 20
0.004727 0 20
0.004788 0 20
0.004708 0 20
0.004677 0 20
0.004709 0 20
0.004693 0 20
0.004868 0 20
0.004708 0 20
0.004721 0 20
0.004724 0 20
0.004772 0 20
0.004704 0 20
0.004761 0 20
0.004929 0 20
0.004774 0 20
0.00487 0 20
0.004721 0 20
0.00458 1 20
0.004556 0 20
0.004564 0 20
0.005091 0 20
0.005609 0 20
0.004734 0 20
0.005067 0 20
0.004694 0 20
0.004713 0 20
0.004859 0 20
