11.2388 1 3.75
11.4658 1 3.75
12.267 1 3.75
11.4061 1 3.75
11.1145 1 3.75
11.0146 1 3.75
12.2272 1 3.75
11.8037 1 3.75
11.4616 0 3.75
11.4817 1 3.75
11.231 1 3.75
11.1061 1 3.75
11.4153 1 3.75
11.2933 1 3.75
11.0657 1 3.75
11.229 1 3.75
11.6244 1 3.75
11.8168 1 3.75
11.5364 1 3.75
11.7414 1 3.75
11.0592 1 3.75
11.3709 1 3.75
11.3833 1 5
11.7462 1 3.75
11.4206 1 3.75
11.2114 1 3.75
11.0168 0 5
11.4211 1 3.75
11.3547 1 3.75
11.6628 1 3.75
11.6784 1 3.75
11.5841 1 3.75
11.2539 1 3.75
11.0553 1 3.75
11.0488 1 3.75
11.5065 1 3.75
11.8401 1 3.75
11.5265 1 3.75
11.573 0 5
11.4784 1 3.75
11.6161 1 3.75
11.152 1 3.75
11.1695 1 3.75
11.2033 1 3.75
11.2994 1 3.75
11.143 1 3.75
10.9988 1 3.75
11.5998 1 3.75
11.3133 1 3.75
11.455 1 3.75
11.4046 1 3.75
11.286 1 3.75
11.6279 1 3.75
11.6981 1 3.75
11.5472 1 3.75
11.4274 1 3.75
11.625 1 3.75
11.4845 1 3.75
11.3719 1 3.75
11.5774 1 3.75
11.0964 1 3.75
11.8826 1 3.75
11.283 1 3.75
11.2746 1 3.75
11.6059 1 3.75
11.8067 1 3.75
11.4 1 3.75
11.5225 1 3.75
11.16 1 3.75
11.0989 1 3.75
11.106 1 3.75
11.1373 1 3.75
11.2309 1 3.75
11.4313 1 3.75
11.5886 1 3.75
11.4422 1 3.75
11.5271 1 3.75
11.5279 1 3.75
11.431 1 3.75
11.8154 1 3.75
11.2529 1 3.75
11.3582 1 3.75
11.5257 1 3.75
11.0108 1 3.75
11.2151 1 3.75
11.0625 1 3.75
11.0758 1 3.75
11.9466 1 3.75
11.8747 1 3.75
11.7596 1 3.75
11.5932 1 3.75
11.2509 1 3.75
11.6873 1 3.75
11.5894 1 3.75
11.7423 1 3.75
11.8321 1 3.75
11.0431 1 3.75
11.3582 1 3.75
12.4278 1 3.75
