0.152701 1 3.75
0.141991 1 5
0.145163 1 5
0.144119 1 5
0.148835 1 6.25
0.144948 1 9
0.14066 1 5
0.143671 2 3.75
0.149021 1 7.75
0.139786 2 5.75
0.145809 1 3.75
0.156901 2 3.75
0.154625 2 3.75
0.157997 1 5
0.14959 1 3.75
0.152213 1 3.75
0.155857 1 3.75
0.149445 1 5
0.153736 1 3.75
0.144408 2 3.75
0.142197 1 3.75
0.141094 2 5
0.153714 1 6.25
0.155724 1 3.75
0.149521 1 6.25
0.150241 1 3.75
0.151334 2 5
0.150649 2 5
0.145466 1 7
0.143177 1 3.75
0.14672 1 3.75
0.140388 2 3.75
0.139351 2 5
0.149155 1 3.75
0.141319 2 5
0.145031 1 5
0.141787 1 5.75
0.147177 1 5
0.141228 1 5
0.139504 2 5.75
0.141367 1 3.75
0.143437 1 3.75
0.139268 1 3.75
0.138838 1 6.25
0.146887 1 3.75
0.143128 1 7.5
0.14657 2 3.75
0.144239 2 5
0.144834 1 5
0.146594 2 5
0.141487 1 3.75
0.143137 2 3.75
0.140462 1 3.75
0.140811 2 5
0.144742 1 5
0.141355 2 3.75
0.143093 2 3.75
0.140469 2 5
0.146287 2 3.75
0.150035 1 3.75
0.147284 2 3.75
0.141012 1 5
0.14033 1 3.75
0.143205 1 5
0.142953 1 7
0.140609 1 5
0.148016 1 8.25
0.140407 1 5
0.140008 1 3.75
0.139941 1 6.25
0.139694 1 6.25
0.142753 1 6.25
0.139585 1 3.75
0.141335 1 5
0.145001 1 9.5
0.144522 1 5
0.149986 1 5.75
0.142534 1 5
0.141206 2 5
0.140972 2 3.75
0.13973 1 6.25
0.140998 1 5
0.146216 1 6.25
0.140845 1 7
0.144775 1 6.25
0.144363 1 6.25
0.143322 1 7.75
0.142728 1 5
0.139472 1 5
0.13988 1 5.75
0.139673 2 3.75
0.140733 1 5
0.140301 1 5
0.142786 2 3.75
0.140106 1 5
0.143978 1 5
0.144147 2 3.75
0.14627 1 3.75
0.145269 1 5
