0.022944 0 94.75
0.022796 0 94.75
0.023756 0 94.75
0.023108 0 94.75
0.023882 0 94.75
0.022419 0 94.75
0.022286 0 94.75
0.022626 0 94.75
0.022199 0 94.75
0.022776 0 94.75
0.022607 0 94.75
0.022876 0 94.75
0.022389 0 94.75
0.022468 0 94.75
0.022775 0 94.75
0.022759 0 94.75
0.022559 0 94.75
0.02246 0 94.75
0.022344 0 94.75
0.022788 0 94.75
0.022662 0 94.75
0.022332 0 94.75
0.02242 0 94.75
0.022387 0 94.75
0.022836 0 94.75
0.022349 0 94.75
0.023212 0 94.75
0.02308 0 94.75
0.022961 0 94.75
0.022953 0 94.75
0.022821 0 94.75
0.023178 0 94.75
0.02267 0 94.75
0.02235 0 94.75
0.02273 0 94.75
0.022642 0 94.75
0.022418 0 94.75
0.022842 0 94.75
0.022238 0 94.75
0.02303 0 94.75
0.022524 0 94.75
0.022542 0 94.75
0.022472 0 94.75
0.023196 0 94.75
0.023007 0 94.75
0.023208 0 94.75
0.022917 0 94.75
0.022641 0 94.75
0.022354 0 94.75
0.023429 0 94.75
0.023126 0 94.75
0.022917 0 94.75
0.022886 0 94.75
0.023121 0 94.75
0.022675 0 94.75
0.023256 0 94.75
0.022554 0 94.75
0.022855 0 94.75
0.022972 0 94.75
0.022866 0 94.75
0.022932 0 94.75
0.022336 0 94.75
0.023002 0 94.75
0.022984 0 94.75
0.023124 0 94.75
0.022989 0 94.75
0.023097 0 94.75
0.022689 0 94.75
0.022401 0 94.75
0.022881 0 94.75
0.023024 0 94.75
0.022428 0 94.75
0.022492 0 94.75
0.022678 0 94.75
0.022673 0 94.75
0.022787 0 94.75
0.022437 0 94.75
0.022731 0 94.75
0.02252 0 94.75
0.022975 0 94.75
0.022733 0 94.75
0.022529 0 94.75
0.022427 0 94.75
0.022714 0 94.75
0.022916 0 94.75
0.022216 0 94.75
0.022667 0 94.75
0.022728 0 94.75
0.02216 0 94.75
0.02277 0 94.75
0.022352 0 94.75
0.022142 0 94.75
0.022558 0 94.75
0.02227 0 94.75
0.022895 0 94.75
0.022512 0 94.75
0.022682 0 94.75
0.022297 0 94.75
0.022319 0 94.75
