0.006101 0 94.75
0.006085 0 94.75
0.006128 0 94.75
0.005948 0 94.75
0.007041 0 94.75
0.006094 0 94.75
0.006119 0 94.75
0.006346 0 94.75
0.006119 0 94.75
0.006021 0 94.75
0.005991 0 94.75
0.005912 0 94.75
0.005954 0 94.75
0.006085 0 94.75
0.006137 0 94.75
0.006211 0 94.75
0.00606 0 94.75
0.005952 0 94.75
0.008394 0 94.75
0.006049 0 94.75
0.00613 0 94.75
0.005831 0 94.75
0.005978 0 94.75
0.005948 0 94.75
0.005968 0 94.75
0.005966 0 94.75
0.005862 0 94.75
0.006019 0 94.75
0.005886 0 94.75
0.006363 0 94.75
0.005915 0 94.75
0.00596 0 94.75
0.006095 0 94.75
0.006143 0 94.75
0.006155 0 94.75
0.005968 0 94.75
0.005947 0 94.75
0.005777 0 94.75
0.005964 0 94.75
0.005833 0 94.75
0.005945 0 94.75
0.008637 0 94.75
0.006132 0 94.75
0.006349 0 94.75
0.006132 0 94.75
0.006106 0 94.75
0.006186 0 94.75
0.006025 0 94.75
0.00596 0 94.75
0.006092 0 94.75
0.006137 0 94.75
0.006065 0 94.75
0.006107 0 94.75
0.006065 0 94.75
0.00603 0 94.75
0.006037 0 94.75
0.006121 0 94.75
0.005876 0 94.75
0.005925 0 94.75
0.006168 0 94.75
0.006029 0 94.75
0.005901 0 94.75
0.006219 0 94.75
0.006288 0 94.75
0.005938 0 94.75
0.006028 0 94.75
0.005983 0 94.75
0.006078 0 94.75
0.006012 0 94.75
0.006221 0 94.75
0.00601 0 94.75
0.006082 0 94.75
0.005967 0 94.75
0.006127 0 94.75
0.00634 0 94.75
0.00578 0 94.75
0.006232 0 94.75
0.005972 0 94.75
0.005929 0 94.75
0.005843 0 94.75
0.005976 0 94.75
0.005957 0 94.75
0.0058 0 94.75
0.005767 0 94.75
0.006009 0 94.75
0.006018 0 94.75
0.005882 0 94.75
0.009122 0 94.75
0.006031 0 94.75
0.006153 0 94.75
0.006183 0 94.75
0.006129 0 94.75
0.005826 0 94.75
0.005866 0 94.75
0.005883 0 94.75
0.005903 0 94.75
0.005955 0 94.75
0.005803 0 94.75
0.006097 0 94.75
