0.001249 0 17
0.00126 0 17
0.001273 0 17
0.001227 0 17
0.001229 0 17
0.001235 0 17
0.001605 0 17
0.001318 0 17
0.001344 0 17
0.00122 0 17
0.001207 0 17
0.001305 0 17
0.001464 0 17
0.001326 0 17
0.001276 0 17
0.001974 0 17
0.002026 0 17
0.001274 0 17
0.001323 0 17
0.001212 0 17
0.001274 0 17
0.001845 0 17
0.001375 0 17
0.001483 0 17
0.001217 0 17
0.001215 0 17
0.001252 0 17
0.001308 0 17
0.001336 0 17
0.001211 0 17
0.00126 0 17
0.001307 0 17
0.001259 0 17
0.001194 0 17
0.001208 0 17
0.001209 0 17
0.001235 0 17
0.001305 0 17
0.001219 0 17
0.001267 0 17
0.001561 0 17
0.001267 0 17
0.001177 0 17
0.001257 0 17
0.001178 0 17
0.001294 0 17
0.001251 0 17
0.001317 0 17
0.001208 0 17
0.001345 0 17
0.001269 0 17
0.001267 0 17
0.001206 0 17
0.001287 0 17
0.001233 0 17
0.00126 0 17
0.001186 0 17
0.001167 0 17
0.001211 0 17
0.001285 0 17
0.001212 0 17
0.001176 0 17
0.001245 0 17
0.001267 0 17
0.00117 0 17
0.001228 0 17
0.001207 0 17
0.001182 0 17
0.001233 0 17
0.001261 0 17
0.001228 0 17
0.001174 0 17
0.001212 0 17
0.001388 0 17
0.00121 0 17
0.001175 0 17
0.001204 0 17
0.001384 0 17
0.001315 0 17
0.001402 0 17
0.001203 0 17
0.00127 0 17
0.001257 0 17
0.001207 0 17
0.001204 0 17
0.001263 0 17
0.00124 0 17
0.001208 0 17
0.001229 0 17
0.0012 0 17
0.001205 0 17
0.001291 0 17
0.001273 0 17
0.00123 0 17
0.001242 0 17
0.001208 0 17
0.001276 0 17
0.00117 0 17
0.001175 0 17
