1.1371 1 3.75
1.17402 1 3.75
1.15071 1 3.75
1.23124 1 3.75
1.23451 1 3.75
1.25201 1 5
1.21274 1 5
1.25726 1 3.75
1.17475 1 3.75
1.12349 1 3.75
1.137 2 3.75
1.25087 1 5
1.21465 1 5
1.25466 1 3.75
1.17712 1 3.75
1.13586 1 3.75
1.11964 2 3.75
1.14156 1 5
1.21109 2 3.75
1.2212 1 5
1.24101 1 3.75
1.19424 2 3.75
1.14175 1 3.75
1.13413 1 3.75
1.13804 2 3.75
1.18126 1 5
1.21708 2 3.75
1.23703 2 3.75
1.17517 2 3.75
1.17119 1 3.75
1.20549 1 3.75
1.19459 1 5
1.13548 1 3.75
1.14839 1 3.75
1.15677 1 3.75
1.18518 1 3.75
1.2201 1 3.75
1.18754 1 3.75
1.23351 1 3.75
1.193 1 3.75
1.19043 1 3.75
1.23343 1 3.75
1.16499 1 3.75
1.13275 1 5
1.18271 1 5
1.16379 1 3.75
1.14384 1 3.75
1.14785 2 3.75
1.13205 1 3.75
1.12193 2 5
1.12142 2 3.75
1.1317 1 3.75
1.11041 1 5
1.11961 1 3.75
1.12663 1 3.75
1.1186 2 3.75
1.11611 1 5
1.12587 1 3.75
1.11691 1 3.75
1.12835 1 3.75
1.11399 2 3.75
1.11833 1 3.75
1.11537 2 3.75
1.11898 1 3.75
1.11228 2 3.75
1.11633 1 3.75
1.11082 1 3.75
1.11847 1 5
1.11527 1 3.75
1.13107 1 5
1.11495 2 3.75
1.12134 1 5
1.11199 1 3.75
1.11892 1 3.75
1.14045 1 3.75
1.12231 2 3.75
1.10649 1 3.75
1.11093 1 3.75
1.12149 1 3.75
1.11528 1 3.75
1.115 1 3.75
1.12129 1 3.75
1.11712 2 3.75
1.11936 1 5
1.11581 1 3.75
1.11558 1 6.25
1.12336 1 3.75
1.13313 2 3.75
1.11685 0 3.75
1.12284 1 3.75
1.10947 1 3.75
1.11703 1 3.75
1.11251 1 3.75
1.11639 1 3.75
1.11573 1 3.75
1.11532 1 3.75
1.11278 1 3.75
1.11576 1 3.75
1.11607 1 3.75
