1.39345 1 3.75
1.41 1 3.75
1.43985 1 3.75
1.41639 1 3.75
1.39688 1 3.75
1.38353 1 3.75
1.3739 1 3.75
1.35944 1 3.75
1.36949 1 5
1.3865 1 3.75
1.36647 1 3.75
1.39025 1 3.75
1.3709 1 3.75
1.37967 1 3.75
1.37153 1 3.75
1.35698 1 3.75
1.36938 1 3.75
1.37028 1 3.75
1.35902 1 3.75
1.36575 1 3.75
1.36415 1 3.75
1.36738 1 3.75
1.38041 1 3.75
1.36969 1 3.75
1.37427 1 3.75
1.36027 1 3.75
1.37355 1 3.75
1.36851 1 3.75
1.40019 1 3.75
1.35152 1 3.75
1.37688 1 3.75
1.37041 1 3.75
1.38297 1 3.75
1.37774 1 3.75
1.37735 1 3.75
1.37433 1 3.75
1.36988 1 5
1.37103 1 3.75
1.37876 1 3.75
1.45508 0 11
1.42169 1 3.75
1.44171 1 3.75
1.42052 1 3.75
1.39585 1 3.75
1.37902 1 3.75
1.40814 1 5
1.40931 1 3.75
1.41982 1 3.75
1.40389 1 3.75
1.42446 1 3.75
1.37486 1 3.75
1.37433 1 3.75
1.36964 1 3.75
1.39382 1 3.75
1.40644 1 3.75
1.39862 1 3.75
1.40107 1 3.75
1.38645 1 3.75
1.38123 1 3.75
1.38508 1 3.75
1.38786 1 3.75
1.37492 1 3.75
1.38696 1 3.75
1.3901 1 3.75
1.40312 1 3.75
1.38072 1 5
1.36916 1 3.75
1.38514 1 3.75
1.38671 1 3.75
1.40439 1 3.75
1.37993 1 3.75
1.38337 1 3.75
1.37299 1 3.75
1.40388 1 3.75
1.45901 1 3.75
1.41643 1 3.75
1.38071 1 5
1.38052 1 3.75
1.39366 1 4.5
1.4141 1 3.75
1.38919 1 5
1.38287 1 3.75
1.42543 1 3.75
1.40659 0 6.25
1.41336 1 3.75
1.45197 1 3.75
1.48881 1 3.75
1.40152 1 3.75
1.39329 1 3.75
1.44088 1 4.5
1.4222 1 3.75
1.39389 1 3.75
1.40262 0 12.25
1.39298 1 5
1.43345 1 3.75
1.37091 1 3.75
1.39881 1 3.75
1.39348 1 3.75
1.37691 1 3.75
