0.113246 0 94.75
0.114091 0 94.75
0.116366 0 94.75
0.113168 0 94.75
0.118421 0 94.75
0.1127 0 94.75
0.113491 0 94.75
0.118339 0 94.75
0.112013 0 94.75
0.111874 0 94.75
0.111889 0 94.75
0.111901 0 94.75
0.111517 0 94.75
0.117227 0 94.75
0.115739 0 94.75
0.116659 0 94.75
0.120547 0 94.75
0.112734 0 94.75
0.114352 0 94.75
0.112234 0 94.75
0.112986 0 94.75
0.112093 0 94.75
0.11208 0 94.75
0.111958 0 94.75
0.112568 0 94.75
0.112976 0 94.75
0.112393 0 94.75
0.112258 0 94.75
0.112026 0 94.75
0.112314 0 94.75
0.112552 0 94.75
0.112185 0 94.75
0.115374 0 94.75
0.112763 0 94.75
0.115468 0 94.75
0.115356 0 94.75
0.115217 0 94.75
0.115701 0 94.75
0.116961 0 94.75
0.112988 0 94.75
0.115826 0 94.75
0.119536 0 94.75
0.113037 0 94.75
0.113072 0 94.75
0.116532 0 94.75
0.112809 0 94.75
0.11232 0 94.75
0.112539 0 94.75
0.112412 0 94.75
0.113415 0 94.75
0.113117 0 94.75
0.113236 0 94.75
0.112639 0 94.75
0.112256 0 94.75
0.115524 0 94.75
0.112762 0 94.75
0.116293 0 94.75
0.112506 0 94.75
0.118261 0 94.75
0.113401 0 94.75
0.114157 0 94.75
0.114102 0 94.75
0.115215 0 94.75
0.116254 0 94.75
0.112131 0 94.75
0.117879 0 94.75
0.11666 0 94.75
0.112907 0 94.75
0.112527 0 94.75
0.112141 0 94.75
0.112142 0 94.75
0.115682 0 94.75
0.11396 0 94.75
0.112233 0 94.75
0.120996 0 94.75
0.122586 0 94.75
0.120486 0 94.75
0.113224 0 94.75
0.112033 0 94.75
0.11211 0 94.75
0.111794 0 94.75
0.112278 0 94.75
0.112206 0 94.75
0.115169 0 94.75
0.122938 0 94.75
0.11551 0 94.75
0.121174 0 94.75
0.116859 0 94.75
0.116481 0 94.75
0.114881 0 94.75
0.116275 0 94.75
0.118365 0 94.75
0.118955 0 94.75
0.125289 0 94.75
0.121863 0 94.75
0.120462 0 94.75
0.120477 0 94.75
0.114127 0 94.75
0.115716 0 94.75
