0.028459 0 17
0.028324 0 17
0.028148 0 17
0.029174 0 17
0.028732 0 17
0.029618 0 17
0.030076 0 17
0.029734 0 17
0.028584 0 17
0.027489 0 17
0.029259 0 17
0.028893 0 17
0.028191 0 17
0.028745 0 17
0.029336 0 17
0.027759 0 17
0.027572 0 17
0.028535 0 17
0.029099 0 17
0.027807 0 17
0.028221 0 17
0.027977 0 17
0.028538 0 17
0.027555 0 17
0.028075 0 17
0.027701 0 17
0.02833 0 17
0.027917 0 17
0.027511 0 17
0.027337 0 17
0.028252 0 17
0.027475 0 17
0.027206 0 17
0.027895 0 17
0.028472 0 17
0.029128 0 17
0.028054 0 17
0.02777 0 17
0.028531 0 17
0.027717 0 17
0.032174 0 17
0.029407 0 17
0.028892 0 17
0.029286 0 17
0.029175 0 17
0.02818 0 17
0.03032 0 17
0.028784 0 17
0.02808 0 17
0.028077 0 17
0.02994 0 17
0.027718 0 17
0.029493 0 17
0.031239 0 17
0.029551 0 17
0.028655 0 17
0.029074 0 17
0.028248 0 17
0.029415 0 17
0.028431 0 17
0.028057 0 17
0.029096 0 17
0.028696 0 17
0.028547 0 17
0.027928 0 17
0.02791 0 17
0.028439 0 17
0.027723 0 17
0.027899 0 17
0.027943 0 17
0.0285 0 17
0.028508 0 17
0.028126 0 17
0.028195 0 17
0.028727 0 17
0.028166 0 17
0.027821 0 17
0.028368 0 17
0.028895 0 17
0.028087 0 17
0.03203 0 17
0.028448 0 17
0.02956 0 17
0.028656 0 17
0.031897 0 17
0.028201 0 17
0.029884 0 17
0.028238 0 17
0.027732 0 17
0.028557 0 17
0.029276 0 17
0.027484 0 17
0.027997 0 17
0.02772 0 17
0.028356 0 17
0.028186 0 17
0.028035 0 17
0.028158 0 17
0.028503 0 17
