0.001233 0 94.75
0.001255 0 94.75
0.001271 0 94.75
0.001324 0 104.75
0.001241 0 94.75
0.001241 0 94.75
0.001279 0 94.75
0.00125 0 94.75
0.001295 0 94.75
0.001292 0 94.75
0.001238 0 94.75
0.001359 0 94.75
0.001286 0 94.75
0.001238 0 94.75
0.001296 0 94.75
0.001236 0 94.75
0.001521 0 94.75
0.001297 0 94.75
0.001339 0 94.75
0.001251 0 94.75
0.001291 0 94.75
0.001306 0 94.75
0.001243 0 94.75
0.001256 0 94.75
0.001243 0 94.75
0.001292 0 94.75
0.001254 0 94.75
0.001238 0 104.75
0.00135 0 94.75
0.002119 0 94.75
0.001313 0 94.75
0.001252 0 94.75
0.001241 0 94.75
0.001307 0 94.75
0.001251 0 94.75
0.001236 0 94.75
0.001274 0 94.75
0.001199 0 94.75
0.001214 0 94.75
0.001236 0 94.75
0.001312 0 94.75
0.001201 0 94.75
0.001207 0 94.75
0.0012 0 94.75
0.001252 0 94.75
0.001257 0 94.75
0.001289 0 94.75
0.001241 0 94.75
0.001243 0 94.75
0.001311 0 94.75
0.001304 0 94.75
0.001246 0 94.75
0.001284 0 94.75
0.001253 0 94.75
0.001285 0 94.75
0.001316 0 94.75
0.001255 0 94.75
0.001255 0 94.75
0.001262 0 94.75
0.001256 0 94.75
0.001358 0 94.75
0.001278 0 94.75
0.001428 0 94.75
0.001255 0 104.75
0.001241 0 94.75
0.001261 0 94.75
0.001262 0 94.75
0.001392 1 70.75
0.001279 0 94.75
0.001274 0 94.75
0.001257 0 94.75
0.001285 0 94.75
0.00127 0 94.75
0.001295 0 94.75
0.001251 0 94.75
0.001229 0 104.75
0.001239 0 94.75
0.001207 0 94.75
0.001202 0 94.75
0.001203 0 94.75
0.001243 0 94.75
0.001237 0 94.75
0.001208 0 94.75
0.001217 0 94.75
0.001238 0 94.75
0.001235 0 94.75
0.001239 0 94.75
0.001266 0 94.75
0.001206 0 94.75
0.001235 0 94.75
0.001303 0 94.75
0.001209 0 94.75
0.001266 0 94.75
0.001308 0 94.75
0.001791 0 94.75
0.001273 0 94.75
0.001236 0 94.75
0.001298 0 94.75
0.001273 0 94.75
