0.144568 1 3.75
0.146041 1 6.25
0.145099 0 5
0.144285 2 5
0.14477 1 3.75
0.140452 1 3.75
0.140345 0 9.5
0.140713 2 5.75
0.143006 2 3.75
0.144428 1 8.25
0.141018 1 5
0.140372 2 3.75
0.148287 0 12.25
0.144151 1 5
0.14428 1 5
0.144686 1 3.75
0.143968 1 5
0.140515 1 5
0.143221 1 5
0.14274 1 5
0.14234 1 5
0.140774 0 5
0.140581 1 7.5
0.139926 1 5
0.140491 2 5.75
0.140217 1 6.25
0.141392 1 10.25
0.141173 0 6.25
0.140525 1 6.25
0.144128 0 5
0.147003 0 5
0.140537 1 8.25
0.138788 1 9
0.147682 1 5
0.140255 0 5
0.141352 2 3.75
0.143747 1 6.25
0.1457 1 3.75
0.140077 0 6.25
0.140911 1 5
0.141443 1 5
0.140755 1 5
0.140654 0 6.25
0.148023 1 6.25
0.140999 1 6.25
0.140435 1 5
0.140314 1 5
0.141125 1 5
0.1409 1 3.75
0.140475 1 7
0.140577 1 10.5
0.139776 0 6.25
0.143356 0 5
0.144342 1 5
0.141635 0 6.25
0.143697 1 3.75
0.140649 0 10.25
0.139811 1 9
0.139877 1 5
0.143876 1 7
0.139666 2 5
0.144871 0 7
0.144529 0 6.25
0.144236 1 9.5
0.13953 0 5
0.140096 1 5
0.153055 1 5
0.145792 1 3.75
0.141342 1 4.5
0.143321 1 3.75
0.148593 2 3.75
0.140138 1 5
0.143413 1 5
0.140034 1 6.25
0.140302 1 3.75
0.144404 1 8.25
0.140662 1 5
0.140562 1 3.75
0.140167 2 3.75
0.139831 1 3.75
0.139038 0 3.75
0.139553 2 3.75
0.145228 1 15.5
0.146467 1 6.25
0.140231 0 5
0.139071 1 3.75
0.139746 1 6.25
0.143689 2 5
0.144209 0 7
0.14381 1 5
0.141421 1 3.75
0.140453 2 5
0.139224 2 5
0.139211 0 9.5
0.14002 0 8.25
0.140116 1 5
0.144879 0 10.25
0.140652 1 7
0.140629 1 6.25
