0.022757 0 17
0.02273 0 17
0.026455 0 17
0.02277 0 17
0.023079 0 17
0.022799 0 17
0.022826 0 17
0.023026 0 17
0.02274 0 17
0.022766 0 17
0.022934 0 17
0.022869 0 17
0.023307 0 17
0.02244 0 17
0.02331 0 17
0.022722 0 17
0.022043 0 17
0.023297 0 17
0.022755 0 17
0.023386 0 17
0.022695 0 17
0.02323 0 17
0.023547 0 17
0.02291 0 17
0.022371 0 17
0.021713 0 17
0.021583 0 17
0.022698 0 17
0.022117 0 17
0.021566 0 17
0.021756 0 17
0.022049 0 17
0.023085 0 17
0.021892 0 17
0.021714 0 17
0.021839 0 17
0.021976 0 17
0.022728 0 17
0.021794 0 17
0.021817 0 17
0.022004 0 17
0.021789 0 17
0.023089 0 17
0.02236 0 17
0.022029 0 17
0.025518 0 17
0.023087 0 17
0.02263 0 17
0.023059 0 17
0.025981 0 17
0.023982 0 17
0.022787 0 17
0.022414 0 17
0.022402 0 17
0.022262 0 17
0.022211 0 17
0.022593 0 17
0.022555 0 17
0.021971 0 17
0.021855 0 17
0.02187 0 17
0.022605 0 17
0.022781 0 17
0.021998 0 17
0.022798 0 17
0.022452 0 17
0.022929 0 17
0.02181 0 17
0.02237 0 17
0.022206 0 17
0.022327 0 17
0.02294 0 17
0.022165 0 17
0.022562 0 17
0.022386 0 17
0.022293 0 17
0.022752 0 17
0.022076 0 17
0.022047 0 17
0.022073 0 17
0.021976 0 17
0.022836 0 17
0.021804 0 17
0.022246 0 17
0.022014 0 17
0.022052 0 17
0.022681 0 17
0.021986 0 17
0.021931 0 17
0.022027 0 17
0.022161 0 17
0.023222 0 17
0.023336 0 17
0.022164 0 17
0.022655 0 17
0.022128 0 17
0.023062 0 17
0.022914 0 17
0.022676 0 17
