0.601051 1 3.75
0.575229 1 3.75
0.575975 1 3.75
0.576568 1 5
0.578313 1 3.75
0.578058 1 5
0.574272 1 5
0.574242 1 5
0.572451 1 6.25
0.576985 1 5
0.585583 1 3.75
0.573157 1 3.75
0.573704 1 3.75
0.593652 1 5
0.588228 2 3.75
0.574658 1 5
0.578618 1 3.75
0.582861 1 5
0.574383 1 3.75
0.577799 1 3.75
0.59566 1 5
0.573191 1 3.75
0.573099 1 5
0.585443 1 3.75
0.587089 1 3.75
0.577133 1 3.75
0.601446 1 3.75
0.581776 1 3.75
0.585494 1 3.75
0.574739 1 3.75
0.574242 2 3.75
0.588073 2 3.75
0.575589 1 3.75
0.585797 1 3.75
0.593583 1 3.75
0.590531 1 5
0.577219 1 3.75
0.578356 1 3.75
0.592862 2 3.75
0.574693 1 3.75
0.586139 1 3.75
0.584648 1 3.75
0.579337 2 3.75
0.575559 1 3.75
0.576742 1 5
0.583362 2 3.75
0.575938 1 5
0.587403 1 3.75
0.578426 1 3.75
0.57466 1 5
0.574079 1 5
0.587365 1 3.75
0.584786 1 5
0.586952 2 3.75
0.573476 2 3.75
0.580533 1 5
0.581413 1 5
0.580346 2 5
0.582205 1 5
0.577765 1 3.75
0.581534 1 3.75
0.583791 1 3.75
0.584921 1 3.75
0.581614 1 3.75
0.596906 1 5
0.577548 1 3.75
0.578264 1 3.75
0.589365 1 5
0.592359 1 3.75
0.584791 1 3.75
0.57964 1 5
0.585627 1 3.75
0.582799 1 5
0.574605 2 3.75
0.579261 1 5
0.57997 2 3.75
0.582229 1 3.75
0.578177 1 3.75
0.586508 1 3.75
0.593441 1 3.75
0.579904 1 5
0.581661 1 5
0.59532 1 5
0.626211 2 3.75
0.647615 1 3.75
0.637534 1 5
0.678529 1 3.75
0.651943 1 3.75
0.59836 1 3.75
0.646961 2 3.75
0.708835 1 3.75
0.631416 1 5
0.608838 1 3.75
0.606719 1 3.75
0.638154 1 5
0.616778 1 3.75
0.710192 1 3.75
0.685929 1 3.75
0.63876 1 3.75
