0.236828 0 17
0.23216 0 17
0.222207 0 17
0.229954 0 17
0.221557 0 17
0.223118 0 17
0.228942 0 17
0.226948 0 17
0.22668 0 17
0.226667 0 17
0.223928 0 17
0.22705 0 17
0.217756 0 17
0.21885 0 17
0.229736 0 17
0.229248 0 17
0.233021 0 17
0.224122 0 17
0.218323 0 17
0.224974 0 17
0.223868 0 17
0.221851 0 17
0.222138 0 17
0.218756 0 17
0.226377 0 17
0.235356 0 17
0.229226 0 17
0.223219 0 17
0.219684 0 17
0.220504 0 17
0.225097 0 17
0.228284 0 17
0.225687 0 17
0.232551 0 17
0.233598 0 17
0.223973 0 17
0.22692 0 17
0.228106 0 17
0.223181 0 17
0.220097 0 17
0.228604 0 17
0.227004 0 17
0.229836 0 17
0.229119 0 17
0.219628 0 17
0.226051 0 17
0.226659 0 17
0.231489 0 17
0.221303 0 17
0.218886 0 17
0.221624 0 17
0.241458 0 17
0.222088 0 17
0.226042 0 17
0.221936 0 17
0.221243 0 17
0.226981 0 17
0.222611 0 17
0.229617 0 17
0.222442 0 17
0.219804 0 17
0.224966 0 17
0.228761 0 17
0.22733 0 17
0.23068 0 17
0.228735 0 17
0.228233 0 17
0.221217 0 17
0.223319 0 17
0.225747 0 17
0.220579 0 17
0.224779 0 17
0.224865 0 17
0.223171 0 17
0.225342 0 17
0.223738 0 17
0.230354 0 17
0.227901 0 17
0.223444 0 17
0.226138 0 17
0.21956 0 17
0.221876 0 17
0.223666 0 17
0.226764 0 17
0.22589 0 17
0.223347 0 17
0.226573 0 17
0.2339 0 17
0.22301 0 17
0.222572 0 17
0.228891 0 17
0.219595 0 17
0.220658 0 17
0.220938 0 17
0.221888 0 17
0.224655 0 17
0.22066 0 17
0.220516 0 17
0.222458 0 17
