0.112956 0 94.75
0.117734 0 94.75
0.116211 0 94.75
0.113177 0 94.75
0.113579 0 94.75
0.112809 0 94.75
0.111744 0 94.75
0.112334 0 94.75
0.113439 0 94.75
0.112744 0 94.75
0.112319 0 94.75
0.112723 0 94.75
0.114311 0 94.75
0.112701 0 94.75
0.115698 0 94.75
0.117602 0 94.75
0.113302 0 94.75
0.114135 0 94.75
0.112598 0 94.75
0.115788 0 94.75
0.113177 0 94.75
0.112814 0 94.75
0.111729 0 94.75
0.112879 0 94.75
0.112182 0 94.75
0.116851 0 94.75
0.118689 0 94.75
0.115729 0 94.75
0.11591 0 94.75
0.11408 0 94.75
0.120454 0 94.75
0.119155 0 94.75
0.118281 0 94.75
0.116256 0 94.75
0.113583 0 94.75
0.116328 0 94.75
0.118807 0 94.75
0.11336 0 94.75
0.113299 0 94.75
0.112188 0 94.75
0.112702 0 94.75
0.113727 0 94.75
0.112182 0 94.75
0.112426 0 94.75
0.112186 0 94.75
0.113327 0 94.75
0.113075 0 94.75
0.112577 0 94.75
0.112453 0 94.75
0.112261 0 94.75
0.112749 0 94.75
0.112594 0 94.75
0.11211 0 94.75
0.112761 0 94.75
0.112757 0 94.75
0.112611 0 94.75
0.112783 0 94.75
0.112781 0 94.75
0.113336 0 94.75
0.112782 0 94.75
0.114405 0 94.75
0.113013 0 94.75
0.113249 0 94.75
0.112744 0 94.75
0.11212 0 94.75
0.112612 0 94.75
0.112658 0 94.75
0.115461 0 94.75
0.114048 0 94.75
0.112304 0 94.75
0.112204 0 94.75
0.115683 0 94.75
0.113557 0 94.75
0.113263 0 94.75
0.113648 0 94.75
0.116998 0 94.75
0.1193 0 94.75
0.112092 0 94.75
0.11537 0 94.75
0.120269 0 94.75
0.121196 0 94.75
0.119266 0 94.75
0.11373 0 94.75
0.115852 0 94.75
0.121915 0 94.75
0.127689 0 94.75
0.113021 0 94.75
0.11845 0 94.75
0.120098 0 94.75
0.116299 0 94.75
0.118008 0 94.75
0.12386 0 94.75
0.124411 0 94.75
0.118608 0 94.75
0.121009 0 94.75
0.117851 0 94.75
0.12504 0 94.75
0.12502 0 94.75
0.119043 0 94.75
