0.182741 0 20
0.184709 0 20
0.186842 0 20
0.188531 0 20
0.187934 0 20
0.181111 0 20
0.179625 0 20
0.180787 0 20
0.179995 0 20
0.180534 0 20
0.182071 0 20
0.180922 0 20
0.180869 0 20
0.180718 0 20
0.183636 0 20
0.180628 0 20
0.183226 0 20
0.180433 0 20
0.180816 0 20
0.180125 0 20
0.180786 0 20
0.181111 0 20
0.18138 0 20
0.182105 0 20
0.187984 0 20
0.180106 0 20
0.187634 0 20
0.182222 0 20
0.186285 0 20
0.180715 0 20
0.187348 0 20
0.17942 0 20
0.17937 0 20
0.180474 0 20
0.184971 0 20
0.186547 0 20
0.180175 0 20
0.182587 0 20
0.188165 0 20
0.181403 0 20
0.181346 0 20
0.188928 0 20
0.186537 0 20
0.179951 0 20
0.180293 0 20
0.186626 0 20
0.179753 0 20
0.180285 0 20
0.180496 0 20
0.180183 0 20
0.182189 0 20
0.180468 0 20
0.180463 0 20
0.18519 0 20
0.187443 0 20
0.185494 0 20
0.182502 0 20
0.179761 0 20
0.180421 0 20
0.186092 0 20
0.185966 0 20
0.182089 0 20
0.184122 0 20
0.181022 0 20
0.179428 0 20
0.179895 0 20
0.180119 0 20
0.182777 0 20
0.180112 0 20
0.180757 0 20
0.187741 0 20
0.181776 0 20
0.187853 0 20
0.180716 0 20
0.181362 0 20
0.179774 0 20
0.179569 0 20
0.181443 0 20
0.180534 0 20
0.180514 0 20
0.180135 0 20
0.180159 0 20
0.196517 0 20
0.185453 0 20
0.186885 0 20
0.180055 0 20
0.180374 0 20
0.180414 0 20
0.182721 0 20
0.184343 0 20
0.184599 0 20
0.188417 0 20
0.183604 0 20
0.183908 0 20
0.187607 0 20
0.18228 0 20
0.180124 0 20
0.183344 0 20
0.18728 0 20
