0.00916 0 20
0.009192 0 20
0.009371 0 20
0.009238 0 20
0.009034 0 20
0.008956 0 20
0.009017 0 20
0.009048 0 20
0.009423 0 20
0.009075 0 20
0.008919 0 20
0.00909 0 20
0.009219 0 20
0.009321 0 20
0.009386 0 20
0.009082 0 20
0.009208 0 20
0.009223 0 20
0.009362 0 20
0.009257 0 20
0.009241 0 20
0.009233 0 20
0.009818 0 20
0.009272 0 20
0.009251 0 20
0.009399 0 20
0.009601 0 20
0.011057 0 20
0.009327 0 20
0.009578 0 20
0.009386 0 20
0.009334 0 20
0.009348 0 20
0.009351 0 20
0.009344 0 20
0.009238 0 20
0.009344 0 20
0.009385 0 20
0.009227 0 20
0.009318 0 20
0.00917 0 20
0.008996 0 20
0.009526 0 20
0.009317 0 20
0.009389 0 20
0.00917 0 20
0.009257 0 20
0.009213 0 20
0.00941 0 20
0.009088 0 20
0.009399 0 20
0.009386 0 20
0.009527 0 20
0.009285 0 20
0.009324 0 20
0.009125 0 20
0.009517 0 20
0.009241 0 20
0.009121 0 20
0.009368 0 20
0.009024 0 20
0.009229 0 20
0.009455 0 20
0.009108 0 20
0.009234 0 20
0.009082 0 20
0.009334 0 20
0.009129 0 20
0.009336 0 20
0.009083 0 20
0.009036 0 20
0.00926 0 20
0.009355 0 20
0.009278 0 20
0.008984 0 20
0.00909 0 20
0.009354 1 20
0.009131 0 20
0.009358 0 20
0.00922 0 20
0.009233 0 20
0.00922 0 20
0.009539 0 20
0.009336 0 20
0.009374 0 20
0.009383 0 20
0.00927 0 20
0.0092 0 20
0.009158 0 20
0.009179 0 20
0.009287 0 20
0.009126 1 20
0.009386 0 20
0.009186 0 20
0.00918 0 20
0.009367 0 20
0.009107 0 20
0.009216 0 20
0.009248 0 20
