0.00693 0 17
0.00637 0 17
0.005859 0 17
0.006299 0 17
0.005965 0 17
0.006055 0 17
0.006206 0 17
0.006085 0 17
0.005951 0 17
0.006472 0 17
0.005938 0 17
0.006169 0 17
0.006094 0 17
0.006177 0 17
0.006397 0 17
0.006135 0 17
0.006133 0 17
0.005854 0 17
0.005945 0 17
0.006855 0 17
0.006052 0 17
0.005864 0 17
0.005934 0 17
0.005983 0 17
0.005876 0 17
0.005973 0 17
0.006003 0 17
0.006 0 17
0.006778 0 17
0.005992 0 17
0.005966 0 17
0.005889 0 17
0.005935 0 17
0.009194 0 17
0.005872 0 17
0.006861 0 17
0.005979 0 17
0.005914 0 17
0.00601 0 17
0.005902 0 17
0.006213 0 17
0.005876 0 17
0.006302 0 17
0.005777 0 17
0.00601 0 17
0.006197 0 17
0.005949 0 17
0.005978 0 17
0.006247 0 17
0.00612 0 17
0.005964 0 17
0.005866 0 17
0.005737 0 17
0.00635 0 17
0.005924 0 17
0.006456 0 17
0.005886 0 17
0.006056 0 17
0.006061 0 17
0.005853 0 17
0.006078 0 17
0.005964 0 17
0.005914 0 17
0.005833 0 17
0.005936 0 17
0.005775 0 17
0.005873 0 17
0.006057 0 17
0.005857 0 17
0.006201 0 17
0.006057 0 17
0.005923 0 17
0.005824 0 17
0.005659 0 17
0.006022 0 17
0.005898 0 17
0.00582 0 17
0.005783 0 17
0.005824 0 17
0.005758 0 17
0.006133 0 17
0.005987 0 17
0.005867 0 17
0.006312 0 17
0.0061 0 17
0.00591 0 17
0.005786 0 17
0.005825 0 17
0.007536 0 17
0.006563 0 17
0.006007 0 17
0.005877 0 17
0.006034 0 17
0.005952 0 17
0.005875 0 17
0.00605 0 17
0.006083 0 17
0.006474 0 17
0.006322 0 17
