2.21544 1 3.75
2.19991 1 3.75
2.19379 1 5
2.20047 2 3.75
2.19882 1 3.75
2.2014 1 3.75
2.19644 1 5
2.20328 1 3.75
2.20408 1 5
2.22697 1 5
2.25773 1 5
2.27293 1 3.75
2.25677 1 5
2.25298 1 5
2.20642 1 3.75
2.20682 1 5
2.20479 1 5
2.2027 1 3.75
2.20581 1 3.75
2.20674 1 3.75
2.19992 1 3.75
2.20204 1 3.75
2.19816 1 5
2.19286 1 3.75
2.20363 1 5
2.20048 1 5
2.21168 1 5
2.1956 1 3.75
2.19806 1 3.75
2.19774 1 3.75
2.20111 1 3.75
2.19207 1 5
2.19464 1 3.75
2.19471 1 3.75
2.18924 1 3.75
2.20709 1 3.75
2.18997 1 5
2.19798 1 3.75
2.23964 1 3.75
2.18928 1 3.75
2.19032 1 5
2.18907 1 3.75
2.19567 2 3.75
2.20192 1 5
2.2028 1 3.75
2.19757 1 3.75
2.20283 1 3.75
2.20114 1 3.75
2.19415 2 3.75
2.19615 2 3.75
2.19243 1 3.75
2.21173 1 3.75
2.20595 2 3.75
2.19794 1 3.75
2.20295 1 3.75
2.1938 1 3.75
2.19984 1 3.75
2.20944 1 3.75
2.20383 1 5
2.19857 1 5
2.20158 1 3.75
2.19178 2 3.75
2.19273 1 5
2.19053 1 3.75
2.20387 1 5
2.21185 1 3.75
2.20382 1 3.75
2.19505 1 5
2.20083 1 3.75
2.20188 1 5
2.19522 1 3.75
2.19596 1 5
2.20321 1 5
2.20991 1 3.75
2.19426 1 5
2.20314 1 5
2.19659 1 3.75
2.20179 1 3.75
2.19575 1 3.75
2.19801 1 5
2.19899 1 5
2.1881 1 3.75
2.19267 1 5
2.19672 2 5
2.19597 1 3.75
2.20138 1 3.75
2.20246 1 5
2.19801 1 3.75
2.19628 1 3.75
2.20005 1 3.75
2.19882 1 3.75
2.20153 1 3.75
2.20529 1 3.75
2.20248 1 3.75
2.19882 1 3.75
2.21239 1 5
2.19584 1 3.75
2.19364 1 3.75
2.19813 1 3.75
