0.058162 0 94.75
0.055927 0 94.75
0.056433 0 94.75
0.05582 0 94.75
0.056696 0 94.75
0.05613 0 94.75
0.060157 0 94.75
0.056579 0 94.75
0.059841 0 94.75
0.057439 0 94.75
0.056996 0 94.75
0.05679 0 94.75
0.057325 0 94.75
0.057938 0 94.75
0.056875 0 94.75
0.056471 0 94.75
0.05658 0 94.75
0.056068 0 94.75
0.056935 0 94.75
0.056276 0 94.75
0.056942 0 94.75
0.056691 0 94.75
0.057634 0 94.75
0.057099 0 94.75
0.056936 0 94.75
0.05635 0 94.75
0.05769 0 94.75
0.056175 0 94.75
0.057044 0 94.75
0.056625 0 94.75
0.057286 0 94.75
0.05634 0 94.75
0.056814 0 94.75
0.056762 0 94.75
0.056577 0 94.75
0.056303 0 94.75
0.056417 0 94.75
0.057068 0 94.75
0.056507 0 94.75
0.05615 0 94.75
0.056434 0 94.75
0.057934 0 94.75
0.060555 0 94.75
0.056887 0 94.75
0.060382 0 94.75
0.057293 0 94.75
0.070669 0 94.75
0.057414 0 94.75
0.064484 0 94.75
0.057276 0 94.75
0.057332 0 94.75
0.056169 0 94.75
0.056458 0 94.75
0.056333 0 94.75
0.057404 0 94.75
0.056163 0 94.75
0.056489 0 94.75
0.0573 0 94.75
0.056446 0 94.75
0.058398 0 94.75
0.057088 0 94.75
0.056706 0 94.75
0.056854 0 94.75
0.056062 0 94.75
0.056788 0 94.75
0.056237 0 94.75
0.056743 0 94.75
0.056498 0 94.75
0.056529 0 94.75
0.05669 0 94.75
0.056699 0 94.75
0.057396 0 94.75
0.056507 0 94.75
0.057805 0 94.75
0.057477 0 94.75
0.056115 0 94.75
0.057705 0 94.75
0.056628 0 94.75
0.057649 0 94.75
0.057714 0 94.75
0.057512 0 94.75
0.057399 0 94.75
0.05641 0 94.75
0.056505 0 94.75
0.056257 0 94.75
0.056346 0 94.75
0.056139 0 94.75
0.056357 0 94.75
0.056716 0 94.75
0.056582 0 94.75
0.057066 0 94.75
0.057256 0 94.75
0.056906 0 94.75
0.060346 0 94.75
0.056842 0 94.75
0.057098 0 94.75
0.056499 0 94.75
0.056929 0 94.75
0.056722 0 94.75
