0.001275 0 94.75
0.001265 0 94.75
0.001227 0 94.75
0.001233 0 94.75
0.001229 0 94.75
0.001295 0 94.75
0.001234 0 94.75
0.00128 0 94.75
0.001251 0 94.75
0.001245 0 94.75
0.001273 0 94.75
0.001262 0 94.75
0.001273 0 94.75
0.001326 0 94.75
0.001247 0 94.75
0.001198 0 94.75
0.001195 0 94.75
0.001229 0 94.75
0.001214 0 94.75
0.001229 0 94.75
0.001292 0 94.75
0.001197 0 94.75
0.001303 0 94.75
0.001233 0 94.75
0.001265 0 94.75
0.001236 0 94.75
0.001288 0 94.75
0.00127 0 94.75
0.001281 0 94.75
0.001233 0 94.75
0.001233 0 94.75
0.001235 0 94.75
0.001271 0 94.75
0.001311 0 94.75
0.001232 0 94.75
0.001295 0 94.75
0.001283 0 94.75
0.001233 0 94.75
0.001247 0 94.75
0.001246 0 94.75
0.001354 0 94.75
0.001348 0 94.75
0.001237 0 94.75
0.001246 0 94.75
0.001245 0 94.75
0.001304 0 94.75
0.001278 0 94.75
0.001236 0 94.75
0.001252 0 94.75
0.001392 0 94.75
0.002087 0 94.75
0.001268 0 94.75
0.001301 0 94.75
0.001251 0 94.75
0.00124 0 94.75
0.00123 0 94.75
0.001283 0 94.75
0.001252 0 94.75
0.001196 0 94.75
0.001233 0 94.75
0.00123 0 94.75
0.001217 0 94.75
0.001237 0 94.75
0.001196 0 94.75
0.001324 0 94.75
0.001245 0 94.75
0.001256 0 94.75
0.00123 0 94.75
0.001298 0 94.75
0.001239 0 94.75
0.00125 0 94.75
0.001308 0 94.75
0.001246 0 94.75
0.001233 0 94.75
0.001264 0 94.75
0.001251 0 104.75
0.001254 0 94.75
0.001387 0 94.75
0.001282 0 94.75
0.001229 0 94.75
0.001322 0 94.75
0.001315 0 94.75
0.001234 0 94.75
0.001312 0 94.75
0.001283 0 94.75
0.001231 0 94.75
0.001226 0 94.75
0.001266 0 94.75
0.001242 0 94.75
0.001315 0 94.75
0.001255 0 94.75
0.001269 0 94.75
0.001242 0 94.75
0.001283 0 94.75
0.001241 0 94.75
0.001233 0 94.75
0.001263 0 94.75
0.001237 0 94.75
0.001281 0 94.75
