0.113549 0 94.75
0.11237 0 94.75
0.115308 0 94.75
0.111783 0 94.75
0.115217 0 94.75
0.117717 0 94.75
0.11388 0 94.75
0.113518 0 94.75
0.112119 0 94.75
0.112032 0 94.75
0.112179 0 94.75
0.115808 0 94.75
0.113989 0 94.75
0.111928 0 94.75
0.113239 0 94.75
0.114763 0 94.75
0.112619 0 94.75
0.117493 0 94.75
0.112451 0 94.75
0.11503 0 94.75
0.115439 0 94.75
0.111686 0 94.75
0.111686 0 94.75
0.113841 0 94.75
0.112907 0 94.75
0.114468 0 94.75
0.113321 0 94.75
0.113151 0 94.75
0.112338 0 94.75
0.111726 0 94.75
0.112338 0 94.75
0.112266 0 94.75
0.116161 0 94.75
0.112274 0 94.75
0.114934 0 94.75
0.115277 0 94.75
0.112106 0 94.75
0.112422 0 94.75
0.117526 0 94.75
0.113238 0 94.75
0.116102 0 94.75
0.113983 0 94.75
0.112073 0 94.75
0.115159 0 94.75
0.115743 0 94.75
0.114919 0 94.75
0.112235 0 94.75
0.115315 0 94.75
0.115384 0 94.75
0.115311 0 94.75
0.112112 0 94.75
0.115555 0 94.75
0.115112 0 94.75
0.112377 0 94.75
0.111919 0 94.75
0.111905 0 94.75
0.111715 0 94.75
0.115753 0 94.75
0.113957 0 94.75
0.116675 0 94.75
0.11269 0 94.75
0.113544 0 94.75
0.111568 0 94.75
0.113451 0 94.75
0.111615 0 94.75
0.11224 0 94.75
0.112729 0 94.75
0.113687 0 94.75
0.119399 0 94.75
0.113766 0 94.75
0.111563 0 94.75
0.112083 0 94.75
0.111846 0 94.75
0.11181 0 94.75
0.111614 0 94.75
0.111738 0 94.75
0.115336 0 94.75
0.112331 0 94.75
0.112077 0 94.75
0.111714 0 94.75
0.112337 0 94.75
0.12407 0 94.75
0.115455 0 94.75
0.112163 0 94.75
0.112713 0 94.75
0.112365 0 94.75
0.113004 0 94.75
0.112203 0 94.75
0.112419 0 94.75
0.111762 0 94.75
0.112186 0 94.75
0.111765 0 94.75
0.111663 0 94.75
0.112037 0 94.75
0.112277 0 94.75
0.116441 0 94.75
0.11237 0 94.75
0.111867 0 94.75
0.111597 0 94.75
