0.00806 0 17
0.003279 0 17
0.003271 0 17
0.002417 0 17
0.002801 0 17
0.003066 0 17
0.002394 0 17
0.001379 0 17
0.001331 0 17
0.001224 0 17
0.001251 0 17
0.00122 0 17
0.00122 0 17
0.001419 0 17
0.001247 0 17
0.001223 0 17
0.001269 0 17
0.001203 0 17
0.001344 0 17
0.001268 0 17
0.001203 0 17
0.001201 0 17
0.001209 0 17
0.00122 0 17
0.001417 0 17
0.001239 0 17
0.001223 0 17
0.001203 0 17
0.001294 0 17
0.001208 0 17
0.001292 0 17
0.001551 0 17
0.001431 0 17
0.001286 0 17
0.001232 0 17
0.001204 0 17
0.001299 0 17
0.001509 0 17
0.001207 0 17
0.001213 0 17
0.001256 0 17
0.001915 0 17
0.002019 0 17
0.001737 0 17
0.001236 0 17
0.001255 0 17
0.001204 0 17
0.001262 0 17
0.001261 0 17
0.001223 0 17
0.001978 0 17
0.001323 0 17
0.001293 0 17
0.001213 0 17
0.001312 0 17
0.001205 0 17
0.001222 0 17
0.001253 0 17
0.001242 0 17
0.001878 0 17
0.001394 0 17
0.001252 0 17
0.001262 0 17
0.001219 0 17
0.001285 0 17
0.001245 0 17
0.001214 0 17
0.001231 0 17
0.001493 0 17
0.001305 0 17
0.001244 0 17
0.001231 0 17
0.001238 0 17
0.001235 0 17
0.001232 0 17
0.001389 0 17
0.001249 0 17
0.001917 0 17
0.001984 0 17
0.001484 0 17
0.001379 0 17
0.001225 0 17
0.001202 0 17
0.001248 0 17
0.001245 0 17
0.001416 0 17
0.001395 0 17
0.001446 0 17
0.001219 0 17
0.001343 0 17
0.001207 0 17
0.001304 0 17
0.001323 0 17
0.001212 0 17
0.001241 0 17
0.001205 0 17
0.001206 0 17
0.001212 0 17
0.001217 0 17
