0.01135 0 17
0.011734 0 17
0.011238 0 17
0.011523 0 17
0.01492 0 17
0.01292 0 17
0.012444 0 17
0.01168 0 17
0.011475 0 17
0.011805 0 17
0.011416 0 17
0.011875 0 17
0.011518 0 17
0.011621 0 17
0.018222 0 17
0.012006 0 17
0.011306 0 17
0.011158 0 17
0.011127 0 17
0.011849 0 17
0.011306 0 17
0.011341 0 17
0.015075 0 17
0.011349 0 17
0.011425 0 17
0.012946 0 17
0.011709 0 17
0.011878 0 17
0.011868 0 17
0.011835 0 17
0.011932 0 17
0.011656 0 17
0.011538 0 17
0.011807 0 17
0.011804 0 17
0.01181 0 17
0.012705 0 17
0.01503 0 17
0.011802 0 17
0.011713 0 17
0.011358 0 17
0.011293 0 17
0.012805 0 17
0.012424 0 17
0.012183 0 17
0.013593 0 17
0.011666 0 17
0.011412 0 17
0.011541 0 17
0.011475 0 17
0.011818 0 17
0.011528 0 17
0.011981 0 17
0.01129 0 17
0.01233 0 17
0.011305 0 17
0.012147 0 17
0.011275 0 17
0.0122 0 17
0.011922 0 17
0.011919 0 17
0.011639 0 17
0.012076 0 17
0.011479 0 17
0.01148 0 17
0.012149 0 17
0.011714 0 17
0.013658 0 17
0.012026 0 17
0.011887 0 17
0.01273 0 17
0.011586 0 17
0.012415 0 17
0.011294 0 17
0.012409 0 17
0.01152 0 17
0.012642 0 17
0.011319 0 17
0.011254 0 17
0.011725 0 17
0.011342 0 17
0.012279 0 17
0.013046 0 17
0.01139 0 17
0.011505 0 17
0.011579 0 17
0.011312 0 17
0.011404 0 17
0.011211 0 17
0.011228 0 17
0.011232 0 17
0.011714 1 14.5
0.011496 0 17
0.0113 0 17
0.011152 0 17
0.011347 0 17
0.011268 0 17
0.011119 0 17
0.011288 0 17
