0.030095 0 94.75
0.028719 0 94.75
0.029082 0 94.75
0.028989 0 94.75
0.03206 0 94.75
0.028758 0 94.75
0.028833 0 94.75
0.029134 0 94.75
0.028917 0 94.75
0.028336 0 94.75
0.028723 0 94.75
0.028682 0 94.75
0.029361 0 94.75
0.028717 0 94.75
0.028827 0 94.75
0.028734 0 94.75
0.028822 0 94.75
0.028474 0 94.75
0.028156 0 94.75
0.028085 0 94.75
0.028567 0 94.75
0.028604 0 94.75
0.029086 0 94.75
0.02848 0 94.75
0.028871 0 94.75
0.02883 0 94.75
0.02814 0 94.75
0.028832 0 94.75
0.028538 0 94.75
0.028591 0 94.75
0.02872 0 94.75
0.02857 0 94.75
0.028971 0 94.75
0.02868 0 94.75
0.029024 0 94.75
0.02865 0 94.75
0.029273 0 94.75
0.02873 0 94.75
0.028895 0 94.75
0.027918 0 94.75
0.028732 0 94.75
0.028735 0 94.75
0.028866 0 94.75
0.028415 0 94.75
0.028686 0 94.75
0.028427 0 94.75
0.032207 0 94.75
0.02826 0 94.75
0.029094 0 94.75
0.028362 0 94.75
0.028229 0 94.75
0.028447 0 94.75
0.028377 0 94.75
0.027964 0 94.75
0.028095 0 94.75
0.02816 0 94.75
0.028431 0 94.75
0.028189 0 94.75
0.028423 0 94.75
0.028179 0 94.75
0.028512 0 94.75
0.028179 0 94.75
0.028695 0 94.75
0.028059 0 94.75
0.028182 0 94.75
0.02838 0 94.75
0.028102 0 94.75
0.02787 0 94.75
0.028196 0 94.75
0.030713 0 94.75
0.028513 0 94.75
0.0283 0 94.75
0.028456 0 94.75
0.028451 0 94.75
0.028152 0 94.75
0.028434 0 94.75
0.028791 0 94.75
0.028048 0 94.75
0.028453 0 94.75
0.028394 0 94.75
0.028604 0 94.75
0.02831 0 94.75
0.028319 0 94.75
0.028031 0 94.75
0.02862 0 94.75
0.028127 0 94.75
0.028462 0 94.75
0.02804 0 94.75
0.028297 0 94.75
0.028189 0 94.75
0.027993 0 94.75
0.027905 0 94.75
0.028495 0 94.75
0.028255 0 94.75
0.030089 0 94.75
0.02814 0 94.75
0.031898 0 94.75
0.028841 0 94.75
0.028071 0 94.75
