0.001121 0 20
0.000979 0 20
0.000972 0 20
0.000977 0 20
0.00097 0 20
0.000974 0 20
0.001012 0 20
0.001026 0 20
0.001041 0 20
0.00098 0 20
0.001011 0 20
0.000976 0 20
0.00102 0 20
0.001039 0 20
0.000988 0 20
0.001014 0 20
0.000977 0 20
0.000985 0 20
0.000974 0 20
0.001061 0 20
0.000981 0 20
0.001006 0 20
0.001076 0 20
0.001027 0 20
0.001011 0 20
0.001013 0 20
0.001013 0 20
0.00101 0 20
0.001012 0 20
0.001052 0 20
0.001088 0 20
0.001019 0 20
0.00101 0 20
0.001023 0 20
0.0011 0 20
0.001014 0 20
0.001008 0 20
0.001014 0 20
0.001022 0 20
0.001579 0 20
0.001573 0 20
0.001022 0 20
0.001092 0 20
0.001243 0 20
0.001095 0 20
0.001018 0 20
0.001079 0 20
0.001008 0 20
0.001083 0 20
0.001054 0 20
0.001009 0 20
0.001029 0 20
0.001025 0 20
0.000983 0 20
0.001012 0 20
0.001093 0 20
0.001022 0 20
0.00098 0 20
0.001011 0 20
0.000976 0 20
0.000977 0 20
0.001008 0 20
0.001074 0 20
0.001112 0 20
0.001009 0 20
0.001013 0 20
0.001007 0 20
0.001018 0 20
0.001033 0 20
0.001025 0 20
0.00101 0 20
0.001045 0 20
0.001026 0 20
0.001113 0 20
0.001015 0 20
0.001007 0 20
0.001011 0 20
0.001027 0 20
0.001093 0 20
0.001016 0 20
0.001121 0 20
0.00102 0 20
0.001073 0 20
0.001043 0 20
0.001036 0 20
0.001017 0 20
0.001019 0 20
0.00102 0 20
0.001018 0 20
0.001015 0 20
0.001009 0 20
0.001073 0 20
0.001016 0 20
0.001015 0 20
0.001015 0 20
0.001069 0 20
0.001088 0 20
0.001022 0 20
0.00104 0 20
