5.76779 0 3.75
5.8358 0 3.75
5.7604 0 5
5.68387 0 3.75
5.64596 1 3.75
5.59855 0 3.75
5.66979 0 3.75
5.7751 0 5
5.56864 0 3.75
5.70189 0 5
5.56136 1 3.75
5.60402 1 3.75
5.5838 0 3.75
5.60782 0 3.75
5.7409 0 3.75
5.65749 0 6.25
5.65736 0 3.75
5.79895 0 3.75
5.65761 0 3.75
5.6873 0 5
5.66239 1 3.75
5.69052 0 3.75
5.59264 0 3.75
5.70538 0 3.75
5.63565 0 3.75
5.75241 0 5
5.71753 0 3.75
5.64846 0 5
5.63394 0 3.75
5.70994 0 5
5.65258 0 3.75
5.76065 0 3.75
5.80564 0 3.75
5.66215 0 5
5.63652 0 3.75
5.81628 0 3.75
5.8874 0 3.75
6.06599 0 5
6.01205 1 3.75
5.78408 0 3.75
5.70572 0 5
5.76655 0 3.75
5.56168 0 3.75
5.57707 0 3.75
5.54143 0 3.75
5.59642 0 5
6.11874 0 3.75
5.90767 0 5
5.67771 1 3.75
5.61367 0 3.75
5.56575 0 5
5.61908 0 3.75
5.80446 0 3.75
5.67014 0 3.75
5.66352 0 3.75
5.69744 0 3.75
5.69588 0 3.75
5.7755 0 3.75
5.74537 0 3.75
5.65751 1 3.75
5.67299 0 3.75
5.64643 0 3.75
5.59327 0 5
5.67933 0 3.75
5.58442 0 3.75
5.9342 0 3.75
6.00303 0 3.75
6.01975 0 5
6.3053 0 3.75
6.06049 0 5
5.6858 0 5
5.55722 0 5
5.58659 0 5
5.56586 1 3.75
5.80136 0 3.75
5.85514 0 3.75
5.65419 0 3.75
5.6816 0 5
5.70285 0 3.75
5.71343 0 3.75
5.66929 0 5
5.75564 0 3.75
5.69832 0 3.75
5.71945 0 5
5.74432 1 3.75
5.80388 0 3.75
5.79735 0 5
5.56056 0 3.75
5.56604 0 3.75
5.67409 0 5
5.81633 0 5
5.79073 0 5
5.78412 0 5
5.74274 0 6.25
5.8173 0 3.75
5.85387 0 3.75
5.80488 0 5
5.65713 0 3.75
5.6248 0 3.75
