0.055423 0 17
0.056723 0 17
0.057278 0 17
0.06041 0 17
0.055973 0 17
0.056873 0 17
0.058821 0 17
0.056084 0 17
0.055748 0 17
0.056298 0 17
0.062942 0 17
0.05665 0 17
0.055231 0 17
0.056426 0 17
0.055043 0 17
0.058585 0 17
0.05648 0 17
0.059798 0 17
0.055009 0 17
0.056426 0 17
0.055585 0 17
0.056131 0 17
0.055378 0 17
0.056807 0 17
0.058777 0 17
0.056649 0 17
0.055489 0 17
0.057009 0 17
0.058241 0 17
0.057747 0 17
0.055504 0 17
0.056702 0 17
0.055911 0 17
0.056982 0 17
0.05579 0 17
0.056343 0 17
0.05609 0 17
0.056552 0 17
0.05576 0 17
0.061611 0 17
0.061297 0 17
0.066564 0 17
0.074702 0 17
0.064399 0 17
0.060687 0 17
0.063708 0 17
0.058509 0 17
0.057332 0 17
0.055971 0 17
0.056481 0 17
0.054895 0 17
0.055973 0 17
0.056848 0 17
0.05673 0 17
0.058752 0 17
0.056516 0 17
0.055413 0 17
0.056379 0 17
0.055794 0 17
0.057091 0 17
0.056185 0 17
0.059953 0 17
0.059661 0 17
0.060082 0 17
0.055574 0 17
0.058869 0 17
0.056328 0 17
0.055642 0 17
0.055143 0 17
0.055364 0 17
0.056025 0 17
0.057483 0 17
0.055122 0 17
0.055955 0 17
0.055325 0 17
0.059995 0 17
0.055867 0 17
0.0568 0 17
0.056214 0 17
0.056526 0 17
0.055953 0 17
0.05684 0 17
0.056267 0 17
0.056471 0 17
0.05919 0 17
0.056834 0 17
0.054825 0 17
0.056939 0 17
0.055605 0 17
0.057212 0 17
0.055593 0 17
0.057416 0 17
0.056453 0 17
0.056823 0 17
0.055358 0 17
0.056886 0 17
0.061209 0 17
0.056884 0 17
0.055425 0 17
