0.023293 0 20
0.024421 0 20
0.022696 0 20
0.022762 0 20
0.023162 0 20
0.023469 0 20
0.022787 0 20
0.02287 0 20
0.022948 0 20
0.022688 0 20
0.022871 0 20
0.023091 0 20
0.023148 0 20
0.022777 0 20
0.02338 0 20
0.02342 0 20
0.022971 0 20
0.022875 0 20
0.023536 0 20
0.02321 0 20
0.023273 0 20
0.023622 0 20
0.023239 0 20
0.023294 0 20
0.023098 0 20
0.023352 0 20
0.023421 0 20
0.023524 0 20
0.023339 0 20
0.022799 0 20
0.022673 0 20
0.022936 0 20
0.022443 0 20
0.023014 0 20
0.022687 0 20
0.023685 0 20
0.022981 0 20
0.022694 0 20
0.022558 0 20
0.023051 0 20
0.022691 0 20
0.022884 0 20
0.023016 0 20
0.022781 0 20
0.022545 0 20
0.022499 0 20
0.022742 0 20
0.023775 0 20
0.022758 0 20
0.022635 0 20
0.022577 0 20
0.023011 0 20
0.022764 0 20
0.022546 0 20
0.02269 0 20
0.022649 0 20
0.023227 0 20
0.02261 0 20
0.022757 0 20
0.022966 0 20
0.023098 0 20
0.023162 0 20
0.022859 0 20
0.022858 0 20
0.023159 0 20
0.022755 0 20
0.023224 0 20
0.022853 0 20
0.022914 0 20
0.022927 0 20
0.022614 0 20
0.023303 0 20
0.02301 0 20
0.023119 0 20
0.023095 0 20
0.02275 0 20
0.02326 0 20
0.023098 0 20
0.022963 0 20
0.022519 0 20
0.022646 0 20
0.023669 0 20
0.023205 0 20
0.022813 0 20
0.022763 0 20
0.026205 0 20
0.025559 0 20
0.022841 0 20
0.022644 0 20
0.022624 0 20
0.022799 0 20
0.022922 0 20
0.023 0 20
0.022659 0 20
0.022913 0 20
0.022694 0 20
0.022959 0 20
0.022878 0 20
0.023078 0 20
