0.230653 0 94.75
0.229759 0 94.75
0.222392 0 94.75
0.22811 0 94.75
0.234162 0 94.75
0.223159 0 94.75
0.223321 0 94.75
0.225148 0 94.75
0.236447 0 94.75
0.236297 0 94.75
0.235329 0 94.75
0.228138 0 94.75
0.252926 0 94.75
0.235243 0 94.75
0.238601 0 94.75
0.229252 0 94.75
0.225158 0 94.75
0.230876 0 94.75
0.22376 0 94.75
0.228341 0 94.75
0.223391 0 94.75
0.231368 0 94.75
0.228722 0 94.75
0.231565 0 94.75
0.222679 0 94.75
0.243159 0 94.75
0.224729 0 94.75
0.228468 0 94.75
0.238398 0 94.75
0.234112 0 94.75
0.230012 0 94.75
0.228753 0 94.75
0.226768 0 94.75
0.224481 0 94.75
0.225835 0 94.75
0.23209 0 94.75
0.224877 0 94.75
0.232169 0 94.75
0.227695 0 94.75
0.224674 0 94.75
0.223426 0 94.75
0.222759 0 94.75
0.227295 0 94.75
0.225071 0 94.75
0.224113 0 94.75
0.224436 0 94.75
0.229396 0 94.75
0.234423 0 94.75
0.229027 0 94.75
0.228013 0 94.75
0.22353 0 94.75
0.224649 0 94.75
0.22412 0 94.75
0.226146 0 94.75
0.226962 0 94.75
0.237254 0 94.75
0.230574 0 94.75
0.260347 0 94.75
0.231145 0 94.75
0.226496 0 94.75
0.239221 0 94.75
0.224512 0 94.75
0.226001 0 94.75
0.22613 0 94.75
0.226638 0 94.75
0.224986 0 94.75
0.226463 0 94.75
0.22444 0 94.75
0.226206 0 94.75
0.226642 0 94.75
0.223346 0 94.75
0.231071 0 94.75
0.22467 0 94.75
0.235406 0 94.75
0.224488 0 94.75
0.223474 0 94.75
0.223271 0 94.75
0.228021 0 94.75
0.233843 0 94.75
0.230445 0 94.75
0.230362 0 94.75
0.225674 0 94.75
0.234368 0 94.75
0.230644 0 94.75
0.227774 0 94.75
0.224176 0 94.75
0.223329 0 94.75
0.22721 0 94.75
0.221967 0 94.75
0.223554 0 94.75
0.227092 0 94.75
0.227032 0 94.75
0.223166 0 94.75
0.232363 0 94.75
0.23031 0 94.75
0.223321 0 94.75
0.224262 0 94.75
0.226458 0 94.75
0.225493 0 94.75
