0.142399 1 8.25
0.143475 2 3.75
0.14327 2 5
0.13906 1 10.25
0.149235 1 5
0.142202 2 5
0.14099 2 5.75
0.140285 1 6.25
0.14099 2 3.75
0.142404 2 6.25
0.141191 2 6.25
0.144173 2 3.75
0.140909 2 5
0.140424 2 3.75
0.139175 1 7
0.144604 2 4.5
0.146044 3 5.75
0.147565 1 7
0.148191 1 5
0.141118 2 5
0.143545 2 3.75
0.140545 2 5
0.140417 2 8.25
0.140964 2 5
0.142901 2 5
0.140821 1 3.75
0.139901 2 5
0.14172 2 3.75
0.13985 1 6.25
0.144249 2 6.25
0.140544 1 9
0.142927 0 3.75
0.140486 2 7
0.141238 2 5
0.140305 1 12.25
0.140403 1 6.25
0.147435 2 5
0.140511 2 3.75
0.141467 3 5
0.140703 2 3.75
0.140512 1 5.75
0.147233 2 7
0.144308 2 5
0.143431 0 15.75
0.145998 2 3.75
0.144855 2 6.25
0.141395 1 14.25
0.140191 3 5
0.140148 1 5
0.146348 3 5
0.139153 3 5
0.140941 1 5
0.144143 2 6.25
0.141404 3 5
0.140032 2 3.75
0.139778 1 6.25
0.14071 1 5
0.144372 2 9.5
0.140505 1 7
0.14099 0 5
0.144843 2 6.25
0.147251 2 5
0.139626 2 10.25
0.142299 1 10.25
0.140121 2 3.75
0.139986 1 5
0.140011 2 11.75
0.140871 1 5
0.140813 2 5
0.139054 2 5
0.138373 1 11.5
0.146884 1 8.25
0.14228 1 7
0.141807 1 9
0.144458 1 3.75
0.141151 1 7
0.147582 2 5
0.141196 1 7.25
0.144288 2 5
0.139758 2 3.75
0.13983 1 8.25
0.144007 2 5
0.154361 2 3.75
0.140566 3 3.75
0.142181 1 5
0.139698 2 5
0.13906 3 3.75
0.144296 1 3.75
0.140544 1 8.25
0.140485 1 6.25
0.139877 2 3.75
0.139566 1 7.75
0.139946 1 3.75
0.14045 1 6.25
0.140327 1 5
0.140264 2 3.75
0.144585 1 6.25
0.142955 1 5
0.14005 2 5
