0.603802 1 3.75
0.573839 2 5
0.579857 2 3.75
0.573171 1 3.75
0.58153 1 7.5
0.572626 1 3.75
0.574411 2 3.75
0.606148 0 3.75
0.609382 1 3.75
0.597284 1 3.75
0.625173 1 3.75
0.62387 2 3.75
0.6294 1 3.75
0.629745 1 5
0.61942 0 5
0.631164 0 3.75
0.630578 1 3.75
0.621783 1 5
0.62928 2 3.75
0.633142 2 3.75
0.630877 1 5
0.628725 2 3.75
0.576338 2 3.75
0.574543 0 6.25
0.626736 2 3.75
0.642195 2 3.75
0.631083 1 5
0.574491 1 3.75
0.575281 1 3.75
0.609662 0 5
0.626215 1 5
0.627439 0 5
0.625249 1 5
0.622653 1 5
0.623871 2 3.75
0.625464 1 3.75
0.600383 0 3.75
0.611536 1 3.75
0.598474 1 6.25
0.611921 1 3.75
0.645189 1 3.75
0.610516 1 3.75
0.614654 2 3.75
0.63112 0 5
0.624797 2 3.75
0.585379 0 5
0.632218 1 5
0.588271 0 5
0.60487 1 5
0.666322 2 3.75
0.709458 1 3.75
0.675871 0 3.75
0.713161 1 5
0.65566 2 3.75
0.709761 1 3.75
0.633188 1 5
0.625394 2 3.75
0.641024 2 3.75
0.616229 1 3.75
0.648923 0 6.25
0.729184 1 3.75
0.690996 2 3.75
0.648951 2 3.75
0.697783 0 3.75
0.732322 1 5
0.708438 2 3.75
0.674038 2 3.75
0.706617 1 3.75
0.608257 1 5
0.640052 1 5
0.635965 2 3.75
0.653215 1 5
0.666924 1 3.75
0.645376 1 3.75
0.664101 1 6.25
0.740152 2 5
0.893031 1 5
0.781222 1 3.75
0.622301 1 3.75
0.624238 1 3.75
0.593762 0 3.75
0.60543 2 5
0.618433 1 3.75
0.613819 2 3.75
0.628108 0 3.75
0.655612 1 5
0.611566 2 5
0.627362 1 5
0.622868 0 3.75
0.630854 1 5
0.642052 0 3.75
0.82256 0 3.75
0.740902 1 3.75
0.907065 1 3.75
0.681623 1 3.75
0.883639 1 3.75
0.626811 1 3.75
0.608613 1 3.75
0.584324 1 3.75
